set F_UNIQ := 16 19 22 25;
set F_NODES[16] := 16 17 18;
set F_NODES[19] := 19 20 21;
set F_NODES[22] := 22 23 24;
set F_NODES[25] := 25 26 27;
#definition

# set
set V := 1 2 3 4 5 6 7 8 9 10 11 12 13 14 15 ; 	# customer set
set F := 16 19 22 25 
17 18  
20 21  
23 24 
26 27 ;#recharging & battery swapping station
set D0 :=0;
set Dsig :=28;


# param
param CV := 200;    		# ECV fixed cost(Topic Given)
param C := 700;   		# ECV max load
param Q := 77.75; 		# ECV/BSV battery level
param h := 1;     		# ECV consumption

param CB := 267;    		# BSV fixed cost(Topic Given)
param Qplun := 5;       # BSV max load(battery)
param hplun := 1;     	# BSV consumption
param W :=155.50;		# BSV battery level

param Ct := 10 ;		# travel cost
param Cr := 100 ;		# recharging cost
param lamda := 0.00;	# battery swap time
param Cb ;  	    # battery swap cost(BSS/BSV)
param n :=15;	   		# number of customers
param g :=10.41 ;     	# the recharging rate of ECV 



# customer demend
param m :=
0 0
1 10
2 10
3 20
4 20
5 10
6 30
7 20
8 20
9 10
10 20
11 10
12 10
13 10
14 30
15 20
16 0
19 0
22 0
25 0
17 0
18 0
20 0
21 0
23 0
24 0
26 0
27 0
28 0;

param e :=
0 0
1 15
2 10
3 738
4 15
5 2368
6 1306
7 541
8 1685
9 1390
10 12
11 2145
12 2174
13 2333
14 1789
15 833
16 0
19 0
22 0
25 0
17 0
18 0
20 0
21 0
23 0
24 0
26 0
27 0
28 0;

param l :=
0 3390
1 655
2 650
3 1378
4 655
5 3008
6 1946
7 1181
8 2325
9 2030
10 652
11 2785
12 2814
13 2973
14 2429
15 1473
16 3390
19 3390
22 3390
25 3390
17 3390
18 3390
20 3390
21 3390
23 3390
24 3390
26 3390
27 3390
28 3390;

param s :=
0 0
1 90
2 90
3 90
4 90
5 90
6 90
7 90
8 90
9 90
10 90
11 90
12 90
13 90
14 90
15 90
16 0
19 0
22 0
25 0
17 0
18 0
20 0
21 0
23 0
24 0
26 0
27 0
28 0;

param d : 0 1 2 3 4 5 6 7 8 9 10 11 12 13 14 15 16 19 22 25 17 18 20 21 23 24 26 27 28 :=
0 0.0000 15.0000 10.0000 30.8058 15.8114 51.0784 26.9258 33.5410 35.3553 40.0500 12.1655 21.2132 55.7136 16.5529 46.1736 26.9072 0.0000 37.0540 42.0595 42.0595 0.0000 0.0000 37.0540 37.0540 42.0595 42.0595 42.0595 42.0595 0.0000
1 15.0000 0.0000 5.0000 41.4005 25.0000 65.1460 41.2311 21.2132 50.2494 42.0595 3.6056 15.0000 69.9214 17.0000 61.1310 38.5876 15.0000 52.0384 40.0500 55.7136 15.0000 15.0000 52.0384 52.0384 40.0500 40.0500 55.7136 55.7136 15.0000
2 10.0000 5.0000 0.0000 37.5366 21.2132 60.4070 36.4005 25.0000 45.2769 40.7922 2.8284 15.8114 65.1460 15.2971 56.1427 34.4093 10.0000 47.0425 40.1123 51.0784 10.0000 10.0000 47.0425 47.0425 40.1123 40.1123 51.0784 51.0784 10.0000
3 30.8058 41.4005 37.5366 0.0000 16.4012 53.5350 16.5529 62.4820 26.2488 68.0074 37.8021 51.8556 56.4004 47.1699 40.3113 5.0000 30.8058 29.8329 72.0139 48.8467 30.8058 30.8058 29.8329 29.8329 72.0139 72.0139 48.8467 48.8467 30.8058
4 15.8114 25.0000 21.2132 16.4012 0.0000 54.6717 20.6155 46.0977 31.6228 55.4437 21.4009 36.0555 58.6003 32.3110 45.1885 13.9284 15.8114 34.5398 57.8705 47.4236 15.8114 15.8114 34.5398 34.5398 57.8705 57.8705 47.4236 47.4236 15.8114
5 51.0784 65.1460 60.4070 53.5350 54.6717 0.0000 37.2022 77.1622 27.7308 52.9245 62.9682 62.2013 5.0000 54.2310 16.0312 49.4065 51.0784 24.1661 63.2456 10.0000 51.0784 51.0784 24.1661 24.1661 63.2456 63.2456 10.0000 10.0000 51.0784
6 26.9258 41.2311 36.4005 16.5529 20.6155 37.2022 0.0000 60.4152 11.1803 56.8243 37.8550 47.1699 40.3609 40.6079 25.2389 12.2066 26.9258 14.4222 62.8013 32.3110 26.9258 26.9258 14.4222 14.4222 62.8013 62.8013 32.3110 32.3110 26.9258
7 33.5410 21.2132 25.0000 62.4820 46.0977 77.1622 60.4152 0.0000 68.0074 37.5366 24.7588 15.0000 82.1523 23.0000 76.7919 59.4054 33.5410 69.1231 30.2324 67.1863 33.5410 33.5410 69.1231 69.1231 30.2324 30.2324 67.1863 67.1863 33.5410
8 35.3553 50.2494 45.2769 26.2488 31.6228 27.7308 11.1803 68.0074 0.0000 58.2580 47.0956 53.8516 30.2324 46.5188 14.2127 22.6716 35.3553 3.6056 65.7951 25.0799 35.3553 35.3553 3.6056 3.6056 65.7951 65.7951 25.0799 25.0799 35.3553
9 40.0500 42.0595 40.7922 68.0074 55.4437 52.9245 56.8243 37.5366 58.2580 0.0000 43.1741 28.1780 57.5847 25.4951 60.0000 63.2456 40.0500 57.3149 11.0000 43.8292 40.0500 40.0500 57.3149 57.3149 11.0000 11.0000 43.8292 43.8292 40.0500
10 12.1655 3.6056 2.8284 37.8021 21.4009 62.9682 37.8550 24.7588 47.0956 43.1741 0.0000 17.2627 67.6757 17.7200 58.3095 34.9857 12.1655 49.0000 42.0119 53.7122 12.1655 12.1655 49.0000 49.0000 42.0119 42.0119 53.7122 53.7122 12.1655
11 21.2132 15.0000 15.8114 51.8556 36.0555 62.2013 47.1699 15.0000 53.8516 28.1780 17.2627 0.0000 67.1863 8.0000 61.9839 48.1041 21.2132 54.7083 25.0799 52.2398 21.2132 21.2132 54.7083 54.7083 25.0799 25.0799 52.2398 52.2398 21.2132
12 55.7136 69.9214 65.1460 56.4004 58.6003 5.0000 40.3609 82.1523 30.2324 57.5847 67.6757 67.1863 0.0000 59.2115 17.0880 52.4976 55.7136 26.6271 68.0074 15.0000 55.7136 55.7136 26.6271 26.6271 68.0074 68.0074 15.0000 15.0000 55.7136
13 16.5529 17.0000 15.2971 47.1699 32.3110 54.2310 40.6079 23.0000 46.5188 25.4951 17.7200 8.0000 59.2115 0.0000 54.1295 43.0116 16.5529 47.1699 25.7099 44.2832 16.5529 16.5529 47.1699 47.1699 25.7099 25.7099 44.2832 44.2832 16.5529
14 46.1736 61.1310 56.1427 40.3113 45.1885 16.0312 25.2389 76.7919 14.2127 60.0000 58.3095 61.9839 17.0880 54.1295 0.0000 36.8782 46.1736 10.8167 69.1158 18.3576 46.1736 46.1736 10.8167 10.8167 69.1158 69.1158 18.3576 18.3576 46.1736
15 26.9072 38.5876 34.4093 5.0000 13.9284 49.4065 12.2066 59.4054 22.6716 63.2456 34.9857 48.1041 52.4976 43.0116 36.8782 0.0000 26.9072 26.1725 67.5352 44.2832 26.9072 26.9072 26.1725 26.1725 67.5352 67.5352 44.2832 44.2832 26.9072
16 0.0000 15.0000 10.0000 30.8058 15.8114 51.0784 26.9258 33.5410 35.3553 40.0500 12.1655 21.2132 55.7136 16.5529 46.1736 26.9072 0.0000 37.0540 42.0595 42.0595 0.0000 0.0000 37.0540 37.0540 42.0595 42.0595 42.0595 42.0595 0.0000
19 37.0540 52.0384 47.0425 29.8329 34.5398 24.1661 14.4222 69.1231 3.6056 57.3149 49.0000 54.7083 26.6271 47.1699 10.8167 26.1725 37.0540 0.0000 65.2993 22.0000 37.0540 37.0540 0.0000 0.0000 65.2993 65.2993 22.0000 22.0000 37.0540
22 42.0595 40.0500 40.1123 72.0139 57.8705 63.2456 62.8013 30.2324 65.7951 11.0000 42.0119 25.0799 68.0074 25.7099 69.1158 67.5352 42.0595 65.2993 0.0000 53.8516 42.0595 42.0595 65.2993 65.2993 0.0000 0.0000 53.8516 53.8516 42.0595
25 42.0595 55.7136 51.0784 48.8467 47.4236 10.0000 32.3110 67.1863 25.0799 43.8292 53.7122 52.2398 15.0000 44.2832 18.3576 44.2832 42.0595 22.0000 53.8516 0.0000 42.0595 42.0595 22.0000 22.0000 53.8516 53.8516 0.0000 0.0000 42.0595
17 0.0000 15.0000 10.0000 30.8058 15.8114 51.0784 26.9258 33.5410 35.3553 40.0500 12.1655 21.2132 55.7136 16.5529 46.1736 26.9072 0.0000 37.0540 42.0595 42.0595 0.0000 0.0000 37.0540 37.0540 42.0595 42.0595 42.0595 42.0595 0.0000
18 0.0000 15.0000 10.0000 30.8058 15.8114 51.0784 26.9258 33.5410 35.3553 40.0500 12.1655 21.2132 55.7136 16.5529 46.1736 26.9072 0.0000 37.0540 42.0595 42.0595 0.0000 0.0000 37.0540 37.0540 42.0595 42.0595 42.0595 42.0595 0.0000
20 37.0540 52.0384 47.0425 29.8329 34.5398 24.1661 14.4222 69.1231 3.6056 57.3149 49.0000 54.7083 26.6271 47.1699 10.8167 26.1725 37.0540 0.0000 65.2993 22.0000 37.0540 37.0540 0.0000 0.0000 65.2993 65.2993 22.0000 22.0000 37.0540
21 37.0540 52.0384 47.0425 29.8329 34.5398 24.1661 14.4222 69.1231 3.6056 57.3149 49.0000 54.7083 26.6271 47.1699 10.8167 26.1725 37.0540 0.0000 65.2993 22.0000 37.0540 37.0540 0.0000 0.0000 65.2993 65.2993 22.0000 22.0000 37.0540
23 42.0595 40.0500 40.1123 72.0139 57.8705 63.2456 62.8013 30.2324 65.7951 11.0000 42.0119 25.0799 68.0074 25.7099 69.1158 67.5352 42.0595 65.2993 0.0000 53.8516 42.0595 42.0595 65.2993 65.2993 0.0000 0.0000 53.8516 53.8516 42.0595
24 42.0595 40.0500 40.1123 72.0139 57.8705 63.2456 62.8013 30.2324 65.7951 11.0000 42.0119 25.0799 68.0074 25.7099 69.1158 67.5352 42.0595 65.2993 0.0000 53.8516 42.0595 42.0595 65.2993 65.2993 0.0000 0.0000 53.8516 53.8516 42.0595
26 42.0595 55.7136 51.0784 48.8467 47.4236 10.0000 32.3110 67.1863 25.0799 43.8292 53.7122 52.2398 15.0000 44.2832 18.3576 44.2832 42.0595 22.0000 53.8516 0.0000 42.0595 42.0595 22.0000 22.0000 53.8516 53.8516 0.0000 0.0000 42.0595
27 42.0595 55.7136 51.0784 48.8467 47.4236 10.0000 32.3110 67.1863 25.0799 43.8292 53.7122 52.2398 15.0000 44.2832 18.3576 44.2832 42.0595 22.0000 53.8516 0.0000 42.0595 42.0595 22.0000 22.0000 53.8516 53.8516 0.0000 0.0000 42.0595
28 0.0000 15.0000 10.0000 30.8058 15.8114 51.0784 26.9258 33.5410 35.3553 40.0500 12.1655 21.2132 55.7136 16.5529 46.1736 26.9072 0.0000 37.0540 42.0595 42.0595 0.0000 0.0000 37.0540 37.0540 42.0595 42.0595 42.0595 42.0595 0.0000
;

param t : 0 1 2 3 4 5 6 7 8 9 10 11 12 13 14 15 16 19 22 25 17 18 20 21 23 24 26 27 28 :=
0 0.0000 15.0000 10.0000 30.8058 15.8114 51.0784 26.9258 33.5410 35.3553 40.0500 12.1655 21.2132 55.7136 16.5529 46.1736 26.9072 0.0000 37.0540 42.0595 42.0595 0.0000 0.0000 37.0540 37.0540 42.0595 42.0595 42.0595 42.0595 0.0000
1 15.0000 0.0000 5.0000 41.4005 25.0000 65.1460 41.2311 21.2132 50.2494 42.0595 3.6056 15.0000 69.9214 17.0000 61.1310 38.5876 15.0000 52.0384 40.0500 55.7136 15.0000 15.0000 52.0384 52.0384 40.0500 40.0500 55.7136 55.7136 15.0000
2 10.0000 5.0000 0.0000 37.5366 21.2132 60.4070 36.4005 25.0000 45.2769 40.7922 2.8284 15.8114 65.1460 15.2971 56.1427 34.4093 10.0000 47.0425 40.1123 51.0784 10.0000 10.0000 47.0425 47.0425 40.1123 40.1123 51.0784 51.0784 10.0000
3 30.8058 41.4005 37.5366 0.0000 16.4012 53.5350 16.5529 62.4820 26.2488 68.0074 37.8021 51.8556 56.4004 47.1699 40.3113 5.0000 30.8058 29.8329 72.0139 48.8467 30.8058 30.8058 29.8329 29.8329 72.0139 72.0139 48.8467 48.8467 30.8058
4 15.8114 25.0000 21.2132 16.4012 0.0000 54.6717 20.6155 46.0977 31.6228 55.4437 21.4009 36.0555 58.6003 32.3110 45.1885 13.9284 15.8114 34.5398 57.8705 47.4236 15.8114 15.8114 34.5398 34.5398 57.8705 57.8705 47.4236 47.4236 15.8114
5 51.0784 65.1460 60.4070 53.5350 54.6717 0.0000 37.2022 77.1622 27.7308 52.9245 62.9682 62.2013 5.0000 54.2310 16.0312 49.4065 51.0784 24.1661 63.2456 10.0000 51.0784 51.0784 24.1661 24.1661 63.2456 63.2456 10.0000 10.0000 51.0784
6 26.9258 41.2311 36.4005 16.5529 20.6155 37.2022 0.0000 60.4152 11.1803 56.8243 37.8550 47.1699 40.3609 40.6079 25.2389 12.2066 26.9258 14.4222 62.8013 32.3110 26.9258 26.9258 14.4222 14.4222 62.8013 62.8013 32.3110 32.3110 26.9258
7 33.5410 21.2132 25.0000 62.4820 46.0977 77.1622 60.4152 0.0000 68.0074 37.5366 24.7588 15.0000 82.1523 23.0000 76.7919 59.4054 33.5410 69.1231 30.2324 67.1863 33.5410 33.5410 69.1231 69.1231 30.2324 30.2324 67.1863 67.1863 33.5410
8 35.3553 50.2494 45.2769 26.2488 31.6228 27.7308 11.1803 68.0074 0.0000 58.2580 47.0956 53.8516 30.2324 46.5188 14.2127 22.6716 35.3553 3.6056 65.7951 25.0799 35.3553 35.3553 3.6056 3.6056 65.7951 65.7951 25.0799 25.0799 35.3553
9 40.0500 42.0595 40.7922 68.0074 55.4437 52.9245 56.8243 37.5366 58.2580 0.0000 43.1741 28.1780 57.5847 25.4951 60.0000 63.2456 40.0500 57.3149 11.0000 43.8292 40.0500 40.0500 57.3149 57.3149 11.0000 11.0000 43.8292 43.8292 40.0500
10 12.1655 3.6056 2.8284 37.8021 21.4009 62.9682 37.8550 24.7588 47.0956 43.1741 0.0000 17.2627 67.6757 17.7200 58.3095 34.9857 12.1655 49.0000 42.0119 53.7122 12.1655 12.1655 49.0000 49.0000 42.0119 42.0119 53.7122 53.7122 12.1655
11 21.2132 15.0000 15.8114 51.8556 36.0555 62.2013 47.1699 15.0000 53.8516 28.1780 17.2627 0.0000 67.1863 8.0000 61.9839 48.1041 21.2132 54.7083 25.0799 52.2398 21.2132 21.2132 54.7083 54.7083 25.0799 25.0799 52.2398 52.2398 21.2132
12 55.7136 69.9214 65.1460 56.4004 58.6003 5.0000 40.3609 82.1523 30.2324 57.5847 67.6757 67.1863 0.0000 59.2115 17.0880 52.4976 55.7136 26.6271 68.0074 15.0000 55.7136 55.7136 26.6271 26.6271 68.0074 68.0074 15.0000 15.0000 55.7136
13 16.5529 17.0000 15.2971 47.1699 32.3110 54.2310 40.6079 23.0000 46.5188 25.4951 17.7200 8.0000 59.2115 0.0000 54.1295 43.0116 16.5529 47.1699 25.7099 44.2832 16.5529 16.5529 47.1699 47.1699 25.7099 25.7099 44.2832 44.2832 16.5529
14 46.1736 61.1310 56.1427 40.3113 45.1885 16.0312 25.2389 76.7919 14.2127 60.0000 58.3095 61.9839 17.0880 54.1295 0.0000 36.8782 46.1736 10.8167 69.1158 18.3576 46.1736 46.1736 10.8167 10.8167 69.1158 69.1158 18.3576 18.3576 46.1736
15 26.9072 38.5876 34.4093 5.0000 13.9284 49.4065 12.2066 59.4054 22.6716 63.2456 34.9857 48.1041 52.4976 43.0116 36.8782 0.0000 26.9072 26.1725 67.5352 44.2832 26.9072 26.9072 26.1725 26.1725 67.5352 67.5352 44.2832 44.2832 26.9072
16 0.0000 15.0000 10.0000 30.8058 15.8114 51.0784 26.9258 33.5410 35.3553 40.0500 12.1655 21.2132 55.7136 16.5529 46.1736 26.9072 0.0000 37.0540 42.0595 42.0595 0.0000 0.0000 37.0540 37.0540 42.0595 42.0595 42.0595 42.0595 0.0000
19 37.0540 52.0384 47.0425 29.8329 34.5398 24.1661 14.4222 69.1231 3.6056 57.3149 49.0000 54.7083 26.6271 47.1699 10.8167 26.1725 37.0540 0.0000 65.2993 22.0000 37.0540 37.0540 0.0000 0.0000 65.2993 65.2993 22.0000 22.0000 37.0540
22 42.0595 40.0500 40.1123 72.0139 57.8705 63.2456 62.8013 30.2324 65.7951 11.0000 42.0119 25.0799 68.0074 25.7099 69.1158 67.5352 42.0595 65.2993 0.0000 53.8516 42.0595 42.0595 65.2993 65.2993 0.0000 0.0000 53.8516 53.8516 42.0595
25 42.0595 55.7136 51.0784 48.8467 47.4236 10.0000 32.3110 67.1863 25.0799 43.8292 53.7122 52.2398 15.0000 44.2832 18.3576 44.2832 42.0595 22.0000 53.8516 0.0000 42.0595 42.0595 22.0000 22.0000 53.8516 53.8516 0.0000 0.0000 42.0595
17 0.0000 15.0000 10.0000 30.8058 15.8114 51.0784 26.9258 33.5410 35.3553 40.0500 12.1655 21.2132 55.7136 16.5529 46.1736 26.9072 0.0000 37.0540 42.0595 42.0595 0.0000 0.0000 37.0540 37.0540 42.0595 42.0595 42.0595 42.0595 0.0000
18 0.0000 15.0000 10.0000 30.8058 15.8114 51.0784 26.9258 33.5410 35.3553 40.0500 12.1655 21.2132 55.7136 16.5529 46.1736 26.9072 0.0000 37.0540 42.0595 42.0595 0.0000 0.0000 37.0540 37.0540 42.0595 42.0595 42.0595 42.0595 0.0000
20 37.0540 52.0384 47.0425 29.8329 34.5398 24.1661 14.4222 69.1231 3.6056 57.3149 49.0000 54.7083 26.6271 47.1699 10.8167 26.1725 37.0540 0.0000 65.2993 22.0000 37.0540 37.0540 0.0000 0.0000 65.2993 65.2993 22.0000 22.0000 37.0540
21 37.0540 52.0384 47.0425 29.8329 34.5398 24.1661 14.4222 69.1231 3.6056 57.3149 49.0000 54.7083 26.6271 47.1699 10.8167 26.1725 37.0540 0.0000 65.2993 22.0000 37.0540 37.0540 0.0000 0.0000 65.2993 65.2993 22.0000 22.0000 37.0540
23 42.0595 40.0500 40.1123 72.0139 57.8705 63.2456 62.8013 30.2324 65.7951 11.0000 42.0119 25.0799 68.0074 25.7099 69.1158 67.5352 42.0595 65.2993 0.0000 53.8516 42.0595 42.0595 65.2993 65.2993 0.0000 0.0000 53.8516 53.8516 42.0595
24 42.0595 40.0500 40.1123 72.0139 57.8705 63.2456 62.8013 30.2324 65.7951 11.0000 42.0119 25.0799 68.0074 25.7099 69.1158 67.5352 42.0595 65.2993 0.0000 53.8516 42.0595 42.0595 65.2993 65.2993 0.0000 0.0000 53.8516 53.8516 42.0595
26 42.0595 55.7136 51.0784 48.8467 47.4236 10.0000 32.3110 67.1863 25.0799 43.8292 53.7122 52.2398 15.0000 44.2832 18.3576 44.2832 42.0595 22.0000 53.8516 0.0000 42.0595 42.0595 22.0000 22.0000 53.8516 53.8516 0.0000 0.0000 42.0595
27 42.0595 55.7136 51.0784 48.8467 47.4236 10.0000 32.3110 67.1863 25.0799 43.8292 53.7122 52.2398 15.0000 44.2832 18.3576 44.2832 42.0595 22.0000 53.8516 0.0000 42.0595 42.0595 22.0000 22.0000 53.8516 53.8516 0.0000 0.0000 42.0595
28 0.0000 15.0000 10.0000 30.8058 15.8114 51.0784 26.9258 33.5410 35.3553 40.0500 12.1655 21.2132 55.7136 16.5529 46.1736 26.9072 0.0000 37.0540 42.0595 42.0595 0.0000 0.0000 37.0540 37.0540 42.0595 42.0595 42.0595 42.0595 0.0000
;