set F_UNIQ := 16 19 22 25 28 31 34 37;
set F_NODES[16] := 16 17 18;
set F_NODES[19] := 19 20 21;
set F_NODES[22] := 22 23 24;
set F_NODES[25] := 25 26 27;
set F_NODES[28] := 28 29 30;
set F_NODES[31] := 31 32 33;
set F_NODES[34] := 34 35 36;
set F_NODES[37] := 37 38 39;
#definition

# set
set V := 1 2 3 4 5 6 7 8 9 10 11 12 13 14 15 ; 	# customer set
set F := 16 19 22 25 28 31 34 F23
17 18  
20 21  
23 24 
26 27 
29 30  
32 33  
35 36  
38 39  ;#recharging & battery swapping station
set D0 :=0;
set Dsig :=40;


# param
param CV := 200;    		# ECV fixed cost(Topic Given)
param C := 200;   		# ECV max load
param Q := 60.63; 		# ECV/BSV battery level
param h := 1;     		# ECV consumption

param CB := 267;    		# BSV fixed cost(Topic Given)
param Qplun := 5;       # BSV max load(battery)
param hplun := 1;     	# BSV consumption
param W :=121.26;		# BSV battery level

param Ct := 10 ;		# travel cost
param Cr := 100 ;		# recharging cost
param lamda := 0.00;	# battery swap time
param Cb ;  	    # battery swap cost(BSS/BSV)
param n :=15;	   		# number of customers
param g :=1.47 ;     	# the recharging rate of ECV 



# customer demend
param m :=
0 0
1 16
2 12
3 16
4 7
5 5
6 28
7 18
8 36
9 2
10 10
11 5
12 1
13 9
14 20
15 6
16 0
19 0
22 0
25 0
28 0
31 0
34 0
37 0
17 0
18 0
20 0
21 0
23 0
24 0
26 0
27 0
29 0
30 0
32 0
33 0
35 0
36 0
38 0
39 0
40 0;

param e :=
0 0
1 83
2 67
3 32
4 0
5 0
6 0
7 0
8 0
9 157
10 0
11 182
12 0
13 0
14 0
15 182
16 0
19 0
22 0
25 0
28 0
31 0
34 0
37 0
17 0
18 0
20 0
21 0
23 0
24 0
26 0
27 0
29 0
30 0
32 0
33 0
35 0
36 0
38 0
39 0
40 0;

param l :=
0 230
1 93
2 77
3 42
4 202
5 198
6 202
7 192
8 192
9 167
10 204
11 192
12 194
13 208
14 205
15 192
16 230
19 230
22 230
25 230
28 230
31 230
34 230
37 230
17 230
18 230
20 230
21 230
23 230
24 230
26 230
27 230
29 230
30 230
32 230
33 230
35 230
36 230
38 230
39 230
40 230;

param s :=
0 0
1 10
2 10
3 10
4 10
5 10
6 10
7 10
8 10
9 10
10 10
11 10
12 10
13 10
14 10
15 10
16 0
19 0
22 0
25 0
28 0
31 0
34 0
37 0
17 0
18 0
20 0
21 0
23 0
24 0
26 0
27 0
29 0
30 0
32 0
33 0
35 0
36 0
38 0
39 0
40 0;

param d : 0 1 2 3 4 5 6 7 8 9 10 11 12 13 14 15 16 19 22 25 28 31 34 37 17 18 20 21 23 24 26 27 29 30 32 33 35 36 38 39 40 :=
0 0.0000 42.4264 33.5410 29.1548 18.0000 21.2132 17.8045 27.7849 27.8029 30.4138 15.2315 21.0950 25.6125 11.3137 14.8661 21.0950 0.0000 29.0689 27.8927 30.0167 21.1896 29.4109 38.3275 32.5730 0.0000 0.0000 29.0689 29.0689 27.8927 27.8927 30.0167 30.0167 21.1896 21.1896 29.4109 29.4109 38.3275 38.3275 32.5730 32.5730 0.0000
1 42.4264 0.0000 61.8466 33.0151 32.3110 47.4342 24.8395 44.4072 47.6760 25.0000 56.8507 60.2080 17.2047 43.9090 27.5862 60.2080 42.4264 67.1193 61.4654 57.9741 38.3275 14.3178 21.1896 20.0250 42.4264 42.4264 67.1193 67.1193 61.4654 61.4654 57.9741 57.9741 38.3275 38.3275 14.3178 14.3178 21.1896 21.1896 20.0250 20.0250 42.4264
2 33.5410 61.8466 0.0000 30.4138 50.2892 15.0000 41.0122 61.2944 14.7648 38.0789 26.4008 19.2354 46.2709 23.0868 41.3038 45.6070 33.5410 52.1536 8.5440 4.0000 23.5372 47.8539 45.6508 61.2046 33.5410 33.5410 52.1536 52.1536 8.5440 8.5440 4.0000 4.0000 23.5372 23.5372 47.8539 47.8539 45.6508 45.6508 61.2046 61.2046 33.5410
3 29.1548 33.0151 30.4138 0.0000 35.8050 18.4391 20.5183 50.7740 15.6525 8.0623 36.6879 35.8469 21.0238 21.5870 23.6008 50.0100 29.1548 58.0086 32.5576 26.9258 9.8489 20.6155 15.2643 38.9487 29.1548 29.1548 58.0086 58.0086 32.5576 32.5576 26.9258 26.9258 9.8489 9.8489 20.6155 20.6155 15.2643 15.2643 38.9487 38.9487 29.1548
4 18.0000 32.3110 50.2892 35.8050 0.0000 36.2491 15.6525 15.2315 41.3401 32.6956 32.5576 39.0512 20.0998 27.2029 12.2066 29.0000 18.0000 35.2278 45.5412 46.4866 32.0156 24.0208 37.8550 16.4012 18.0000 18.0000 35.2278 35.2278 45.5412 45.5412 46.4866 46.4866 32.0156 32.0156 24.0208 24.0208 37.8550 37.8550 16.4012 16.4012 18.0000
5 21.2132 47.4342 15.0000 18.4391 36.2491 0.0000 26.0192 48.6004 7.2801 25.0000 21.0238 18.0278 31.4006 9.8995 26.4764 38.2753 21.2132 45.8803 14.4222 11.0000 9.4340 33.2415 33.3017 46.2709 21.2132 21.2132 45.8803 45.8803 14.4222 14.4222 11.0000 11.0000 9.4340 9.4340 33.2415 33.2415 33.3017 33.3017 46.2709 46.2709 21.2132
6 17.8045 24.8395 41.0122 20.5183 15.6525 26.0192 0.0000 30.8707 29.1204 17.0880 32.0156 35.7771 7.8102 19.9249 4.0000 37.3363 17.8045 44.9222 38.6394 37.0135 18.9737 11.6619 23.0217 20.3961 17.8045 17.8045 44.9222 44.9222 38.6394 38.6394 37.0135 37.0135 18.9737 18.9737 11.6619 11.6619 23.0217 23.0217 20.3961 20.3961 17.8045
7 27.7849 44.4072 61.2944 50.7740 15.2315 48.6004 30.8707 0.0000 54.5619 47.9270 38.8330 46.5725 34.9285 38.8330 27.2947 26.9258 27.7849 30.0167 55.1543 57.8014 46.0109 38.6394 52.8867 25.0000 27.7849 27.7849 30.0167 30.0167 55.1543 55.1543 57.8014 57.8014 46.0109 46.0109 38.6394 38.6394 52.8867 52.8867 25.0000 25.0000 27.7849
8 27.8029 47.6760 14.7648 15.6525 41.3401 7.2801 29.1204 54.5619 0.0000 23.4094 28.1603 24.3311 33.0606 16.6433 30.4631 45.5412 27.8029 53.1601 18.0278 11.4018 10.1980 34.0588 30.8869 49.4773 27.8029 27.8029 53.1601 53.1601 18.0278 18.0278 11.4018 11.4018 10.1980 10.1980 34.0588 34.0588 30.8869 30.8869 49.4773 49.4773 27.8029
9 30.4138 25.0000 38.0789 8.0623 32.6956 25.0000 17.0880 47.9270 23.4094 0.0000 40.7063 41.2311 14.8661 25.5539 20.8806 51.4782 30.4138 59.4138 39.4081 34.4384 15.6205 13.4164 8.6023 32.8024 30.4138 30.4138 59.4138 59.4138 39.4081 39.4081 34.4384 34.4384 15.6205 15.6205 13.4164 13.4164 8.6023 8.6023 32.8024 32.8024 30.4138
10 15.2315 56.8507 26.4008 36.6879 32.5576 21.0238 32.0156 38.8330 28.1603 40.7063 0.0000 8.0623 39.6989 15.2315 29.6816 19.2094 15.2315 25.9422 18.3848 24.1868 26.9258 43.1393 49.2443 47.7598 15.2315 15.2315 25.9422 25.9422 18.3848 18.3848 24.1868 24.1868 26.9258 26.9258 43.1393 43.1393 49.2443 49.2443 47.7598 47.7598 15.2315
11 21.0950 60.2080 19.2354 35.8469 39.0512 18.0278 35.7771 46.5725 24.3311 41.2311 8.0623 0.0000 43.0465 16.4012 34.1760 26.8701 21.0950 33.0151 10.8167 17.7200 26.0768 46.0435 49.8197 53.3667 21.0950 21.0950 33.0151 33.0151 10.8167 10.8167 17.7200 17.7200 26.0768 26.0768 46.0435 46.0435 49.8197 49.8197 53.3667 53.3667 21.0950
12 25.6125 17.2047 46.2709 21.0238 20.0998 31.4006 7.8102 34.9285 33.0606 14.8661 39.6989 43.0465 0.0000 26.8328 11.1803 44.7772 25.6125 52.2015 44.9222 42.2966 23.0000 4.1231 18.0278 18.0278 25.6125 25.6125 52.2015 52.2015 44.9222 44.9222 42.2966 42.2966 23.0000 23.0000 4.1231 4.1231 18.0278 18.0278 18.0278 18.0278 25.6125
13 11.3137 43.9090 23.0868 21.5870 27.2029 9.8995 19.9249 38.8330 16.6433 25.5539 15.2315 16.4012 26.8328 0.0000 19.1050 29.6142 11.3137 37.4833 19.0263 19.3132 12.0416 29.6816 34.1321 39.0512 11.3137 11.3137 37.4833 37.4833 19.0263 19.0263 19.3132 19.3132 12.0416 12.0416 29.6816 29.6816 34.1321 34.1321 39.0512 39.0512 11.3137
14 14.8661 27.5862 41.3038 23.6008 12.2066 26.4764 4.0000 27.2947 30.4631 20.8806 29.6816 34.1760 11.1803 19.1050 0.0000 33.6155 14.8661 41.1096 38.1182 37.3363 20.5913 15.2315 27.0185 20.0000 14.8661 14.8661 41.1096 41.1096 38.1182 38.1182 37.3363 37.3363 20.5913 20.5913 15.2315 15.2315 27.0185 27.0185 20.0000 20.0000 14.8661
15 21.0950 60.2080 45.6070 50.0100 29.0000 38.2753 37.3363 26.9258 45.5412 51.4782 19.2094 26.8701 44.7772 29.6142 33.6155 0.0000 21.0950 8.0000 37.5366 43.2666 41.3038 48.8467 59.2284 45.2769 21.0950 21.0950 8.0000 8.0000 37.5366 37.5366 43.2666 43.2666 41.3038 41.3038 48.8467 48.8467 59.2284 59.2284 45.2769 45.2769 21.0950
16 0.0000 42.4264 33.5410 29.1548 18.0000 21.2132 17.8045 27.7849 27.8029 30.4138 15.2315 21.0950 25.6125 11.3137 14.8661 21.0950 0.0000 29.0689 27.8927 30.0167 21.1896 29.4109 38.3275 32.5730 0.0000 0.0000 29.0689 29.0689 27.8927 27.8927 30.0167 30.0167 21.1896 21.1896 29.4109 29.4109 38.3275 38.3275 32.5730 32.5730 0.0000
19 29.0689 67.1193 52.1536 58.0086 35.2278 45.8803 44.9222 30.0167 53.1601 59.4138 25.9422 33.0151 52.2015 37.4833 41.1096 8.0000 29.0689 0.0000 43.8292 50.1199 49.2544 56.3028 67.0820 51.0882 29.0689 29.0689 0.0000 0.0000 43.8292 43.8292 50.1199 50.1199 49.2544 49.2544 56.3028 56.3028 67.0820 67.0820 51.0882 51.0882 29.0689
22 27.8927 61.4654 8.5440 32.5576 45.5412 14.4222 38.6394 55.1543 18.0278 39.4081 18.3848 10.8167 44.9222 19.0263 38.1182 37.5366 27.8927 43.8292 0.0000 8.0623 23.8537 47.1699 47.6340 58.0775 27.8927 27.8927 43.8292 43.8292 0.0000 0.0000 8.0623 8.0623 23.8537 23.8537 47.1699 47.1699 47.6340 47.6340 58.0775 58.0775 27.8927
25 30.0167 57.9741 4.0000 26.9258 46.4866 11.0000 37.0135 57.8014 11.4018 34.4384 24.1868 17.7200 42.2966 19.3132 37.3363 43.2666 30.0167 50.1199 8.0623 0.0000 19.6469 43.9318 42.1900 57.2189 30.0167 30.0167 50.1199 50.1199 8.0623 8.0623 0.0000 0.0000 19.6469 19.6469 43.9318 43.9318 42.1900 42.1900 57.2189 57.2189 30.0167
28 21.1896 38.3275 23.5372 9.8489 32.0156 9.4340 18.9737 46.0109 10.1980 15.6205 26.9258 26.0768 23.0000 12.0416 20.5913 41.3038 21.1896 49.2544 23.8537 19.6469 0.0000 24.3311 24.0416 39.2938 21.1896 21.1896 49.2544 49.2544 23.8537 23.8537 19.6469 19.6469 0.0000 0.0000 24.3311 24.3311 24.0416 24.0416 39.2938 39.2938 21.1896
31 29.4109 14.3178 47.8539 20.6155 24.0208 33.2415 11.6619 38.6394 34.0588 13.4164 43.1393 46.0435 4.1231 29.6816 15.2315 48.8467 29.4109 56.3028 47.1699 43.9318 24.3311 0.0000 14.7648 19.7990 29.4109 29.4109 56.3028 56.3028 47.1699 47.1699 43.9318 43.9318 24.3311 24.3311 0.0000 0.0000 14.7648 14.7648 19.7990 19.7990 29.4109
34 38.3275 21.1896 45.6508 15.2643 37.8550 33.3017 23.0217 52.8867 30.8869 8.6023 49.2443 49.8197 18.0278 34.1321 27.0185 59.2284 38.3275 67.0820 47.6340 42.1900 24.0416 14.7648 0.0000 34.2053 38.3275 38.3275 67.0820 67.0820 47.6340 47.6340 42.1900 42.1900 24.0416 24.0416 14.7648 14.7648 0.0000 0.0000 34.2053 34.2053 38.3275
37 32.5730 20.0250 61.2046 38.9487 16.4012 46.2709 20.3961 25.0000 49.4773 32.8024 47.7598 53.3667 18.0278 39.0512 20.0000 45.2769 32.5730 51.0882 58.0775 57.2189 39.2938 19.7990 34.2053 0.0000 32.5730 32.5730 51.0882 51.0882 58.0775 58.0775 57.2189 57.2189 39.2938 39.2938 19.7990 19.7990 34.2053 34.2053 0.0000 0.0000 32.5730
17 0.0000 42.4264 33.5410 29.1548 18.0000 21.2132 17.8045 27.7849 27.8029 30.4138 15.2315 21.0950 25.6125 11.3137 14.8661 21.0950 0.0000 29.0689 27.8927 30.0167 21.1896 29.4109 38.3275 32.5730 0.0000 0.0000 29.0689 29.0689 27.8927 27.8927 30.0167 30.0167 21.1896 21.1896 29.4109 29.4109 38.3275 38.3275 32.5730 32.5730 0.0000
18 0.0000 42.4264 33.5410 29.1548 18.0000 21.2132 17.8045 27.7849 27.8029 30.4138 15.2315 21.0950 25.6125 11.3137 14.8661 21.0950 0.0000 29.0689 27.8927 30.0167 21.1896 29.4109 38.3275 32.5730 0.0000 0.0000 29.0689 29.0689 27.8927 27.8927 30.0167 30.0167 21.1896 21.1896 29.4109 29.4109 38.3275 38.3275 32.5730 32.5730 0.0000
20 29.0689 67.1193 52.1536 58.0086 35.2278 45.8803 44.9222 30.0167 53.1601 59.4138 25.9422 33.0151 52.2015 37.4833 41.1096 8.0000 29.0689 0.0000 43.8292 50.1199 49.2544 56.3028 67.0820 51.0882 29.0689 29.0689 0.0000 0.0000 43.8292 43.8292 50.1199 50.1199 49.2544 49.2544 56.3028 56.3028 67.0820 67.0820 51.0882 51.0882 29.0689
21 29.0689 67.1193 52.1536 58.0086 35.2278 45.8803 44.9222 30.0167 53.1601 59.4138 25.9422 33.0151 52.2015 37.4833 41.1096 8.0000 29.0689 0.0000 43.8292 50.1199 49.2544 56.3028 67.0820 51.0882 29.0689 29.0689 0.0000 0.0000 43.8292 43.8292 50.1199 50.1199 49.2544 49.2544 56.3028 56.3028 67.0820 67.0820 51.0882 51.0882 29.0689
23 27.8927 61.4654 8.5440 32.5576 45.5412 14.4222 38.6394 55.1543 18.0278 39.4081 18.3848 10.8167 44.9222 19.0263 38.1182 37.5366 27.8927 43.8292 0.0000 8.0623 23.8537 47.1699 47.6340 58.0775 27.8927 27.8927 43.8292 43.8292 0.0000 0.0000 8.0623 8.0623 23.8537 23.8537 47.1699 47.1699 47.6340 47.6340 58.0775 58.0775 27.8927
24 27.8927 61.4654 8.5440 32.5576 45.5412 14.4222 38.6394 55.1543 18.0278 39.4081 18.3848 10.8167 44.9222 19.0263 38.1182 37.5366 27.8927 43.8292 0.0000 8.0623 23.8537 47.1699 47.6340 58.0775 27.8927 27.8927 43.8292 43.8292 0.0000 0.0000 8.0623 8.0623 23.8537 23.8537 47.1699 47.1699 47.6340 47.6340 58.0775 58.0775 27.8927
26 30.0167 57.9741 4.0000 26.9258 46.4866 11.0000 37.0135 57.8014 11.4018 34.4384 24.1868 17.7200 42.2966 19.3132 37.3363 43.2666 30.0167 50.1199 8.0623 0.0000 19.6469 43.9318 42.1900 57.2189 30.0167 30.0167 50.1199 50.1199 8.0623 8.0623 0.0000 0.0000 19.6469 19.6469 43.9318 43.9318 42.1900 42.1900 57.2189 57.2189 30.0167
27 30.0167 57.9741 4.0000 26.9258 46.4866 11.0000 37.0135 57.8014 11.4018 34.4384 24.1868 17.7200 42.2966 19.3132 37.3363 43.2666 30.0167 50.1199 8.0623 0.0000 19.6469 43.9318 42.1900 57.2189 30.0167 30.0167 50.1199 50.1199 8.0623 8.0623 0.0000 0.0000 19.6469 19.6469 43.9318 43.9318 42.1900 42.1900 57.2189 57.2189 30.0167
29 21.1896 38.3275 23.5372 9.8489 32.0156 9.4340 18.9737 46.0109 10.1980 15.6205 26.9258 26.0768 23.0000 12.0416 20.5913 41.3038 21.1896 49.2544 23.8537 19.6469 0.0000 24.3311 24.0416 39.2938 21.1896 21.1896 49.2544 49.2544 23.8537 23.8537 19.6469 19.6469 0.0000 0.0000 24.3311 24.3311 24.0416 24.0416 39.2938 39.2938 21.1896
30 21.1896 38.3275 23.5372 9.8489 32.0156 9.4340 18.9737 46.0109 10.1980 15.6205 26.9258 26.0768 23.0000 12.0416 20.5913 41.3038 21.1896 49.2544 23.8537 19.6469 0.0000 24.3311 24.0416 39.2938 21.1896 21.1896 49.2544 49.2544 23.8537 23.8537 19.6469 19.6469 0.0000 0.0000 24.3311 24.3311 24.0416 24.0416 39.2938 39.2938 21.1896
32 29.4109 14.3178 47.8539 20.6155 24.0208 33.2415 11.6619 38.6394 34.0588 13.4164 43.1393 46.0435 4.1231 29.6816 15.2315 48.8467 29.4109 56.3028 47.1699 43.9318 24.3311 0.0000 14.7648 19.7990 29.4109 29.4109 56.3028 56.3028 47.1699 47.1699 43.9318 43.9318 24.3311 24.3311 0.0000 0.0000 14.7648 14.7648 19.7990 19.7990 29.4109
33 29.4109 14.3178 47.8539 20.6155 24.0208 33.2415 11.6619 38.6394 34.0588 13.4164 43.1393 46.0435 4.1231 29.6816 15.2315 48.8467 29.4109 56.3028 47.1699 43.9318 24.3311 0.0000 14.7648 19.7990 29.4109 29.4109 56.3028 56.3028 47.1699 47.1699 43.9318 43.9318 24.3311 24.3311 0.0000 0.0000 14.7648 14.7648 19.7990 19.7990 29.4109
35 38.3275 21.1896 45.6508 15.2643 37.8550 33.3017 23.0217 52.8867 30.8869 8.6023 49.2443 49.8197 18.0278 34.1321 27.0185 59.2284 38.3275 67.0820 47.6340 42.1900 24.0416 14.7648 0.0000 34.2053 38.3275 38.3275 67.0820 67.0820 47.6340 47.6340 42.1900 42.1900 24.0416 24.0416 14.7648 14.7648 0.0000 0.0000 34.2053 34.2053 38.3275
36 38.3275 21.1896 45.6508 15.2643 37.8550 33.3017 23.0217 52.8867 30.8869 8.6023 49.2443 49.8197 18.0278 34.1321 27.0185 59.2284 38.3275 67.0820 47.6340 42.1900 24.0416 14.7648 0.0000 34.2053 38.3275 38.3275 67.0820 67.0820 47.6340 47.6340 42.1900 42.1900 24.0416 24.0416 14.7648 14.7648 0.0000 0.0000 34.2053 34.2053 38.3275
38 32.5730 20.0250 61.2046 38.9487 16.4012 46.2709 20.3961 25.0000 49.4773 32.8024 47.7598 53.3667 18.0278 39.0512 20.0000 45.2769 32.5730 51.0882 58.0775 57.2189 39.2938 19.7990 34.2053 0.0000 32.5730 32.5730 51.0882 51.0882 58.0775 58.0775 57.2189 57.2189 39.2938 39.2938 19.7990 19.7990 34.2053 34.2053 0.0000 0.0000 32.5730
39 32.5730 20.0250 61.2046 38.9487 16.4012 46.2709 20.3961 25.0000 49.4773 32.8024 47.7598 53.3667 18.0278 39.0512 20.0000 45.2769 32.5730 51.0882 58.0775 57.2189 39.2938 19.7990 34.2053 0.0000 32.5730 32.5730 51.0882 51.0882 58.0775 58.0775 57.2189 57.2189 39.2938 39.2938 19.7990 19.7990 34.2053 34.2053 0.0000 0.0000 32.5730
40 0.0000 42.4264 33.5410 29.1548 18.0000 21.2132 17.8045 27.7849 27.8029 30.4138 15.2315 21.0950 25.6125 11.3137 14.8661 21.0950 0.0000 29.0689 27.8927 30.0167 21.1896 29.4109 38.3275 32.5730 0.0000 0.0000 29.0689 29.0689 27.8927 27.8927 30.0167 30.0167 21.1896 21.1896 29.4109 29.4109 38.3275 38.3275 32.5730 32.5730 0.0000
;

param t : 0 1 2 3 4 5 6 7 8 9 10 11 12 13 14 15 16 19 22 25 28 31 34 37 17 18 20 21 23 24 26 27 29 30 32 33 35 36 38 39 40 :=
0 0.0000 42.4264 33.5410 29.1548 18.0000 21.2132 17.8045 27.7849 27.8029 30.4138 15.2315 21.0950 25.6125 11.3137 14.8661 21.0950 0.0000 29.0689 27.8927 30.0167 21.1896 29.4109 38.3275 32.5730 0.0000 0.0000 29.0689 29.0689 27.8927 27.8927 30.0167 30.0167 21.1896 21.1896 29.4109 29.4109 38.3275 38.3275 32.5730 32.5730 0.0000
1 42.4264 0.0000 61.8466 33.0151 32.3110 47.4342 24.8395 44.4072 47.6760 25.0000 56.8507 60.2080 17.2047 43.9090 27.5862 60.2080 42.4264 67.1193 61.4654 57.9741 38.3275 14.3178 21.1896 20.0250 42.4264 42.4264 67.1193 67.1193 61.4654 61.4654 57.9741 57.9741 38.3275 38.3275 14.3178 14.3178 21.1896 21.1896 20.0250 20.0250 42.4264
2 33.5410 61.8466 0.0000 30.4138 50.2892 15.0000 41.0122 61.2944 14.7648 38.0789 26.4008 19.2354 46.2709 23.0868 41.3038 45.6070 33.5410 52.1536 8.5440 4.0000 23.5372 47.8539 45.6508 61.2046 33.5410 33.5410 52.1536 52.1536 8.5440 8.5440 4.0000 4.0000 23.5372 23.5372 47.8539 47.8539 45.6508 45.6508 61.2046 61.2046 33.5410
3 29.1548 33.0151 30.4138 0.0000 35.8050 18.4391 20.5183 50.7740 15.6525 8.0623 36.6879 35.8469 21.0238 21.5870 23.6008 50.0100 29.1548 58.0086 32.5576 26.9258 9.8489 20.6155 15.2643 38.9487 29.1548 29.1548 58.0086 58.0086 32.5576 32.5576 26.9258 26.9258 9.8489 9.8489 20.6155 20.6155 15.2643 15.2643 38.9487 38.9487 29.1548
4 18.0000 32.3110 50.2892 35.8050 0.0000 36.2491 15.6525 15.2315 41.3401 32.6956 32.5576 39.0512 20.0998 27.2029 12.2066 29.0000 18.0000 35.2278 45.5412 46.4866 32.0156 24.0208 37.8550 16.4012 18.0000 18.0000 35.2278 35.2278 45.5412 45.5412 46.4866 46.4866 32.0156 32.0156 24.0208 24.0208 37.8550 37.8550 16.4012 16.4012 18.0000
5 21.2132 47.4342 15.0000 18.4391 36.2491 0.0000 26.0192 48.6004 7.2801 25.0000 21.0238 18.0278 31.4006 9.8995 26.4764 38.2753 21.2132 45.8803 14.4222 11.0000 9.4340 33.2415 33.3017 46.2709 21.2132 21.2132 45.8803 45.8803 14.4222 14.4222 11.0000 11.0000 9.4340 9.4340 33.2415 33.2415 33.3017 33.3017 46.2709 46.2709 21.2132
6 17.8045 24.8395 41.0122 20.5183 15.6525 26.0192 0.0000 30.8707 29.1204 17.0880 32.0156 35.7771 7.8102 19.9249 4.0000 37.3363 17.8045 44.9222 38.6394 37.0135 18.9737 11.6619 23.0217 20.3961 17.8045 17.8045 44.9222 44.9222 38.6394 38.6394 37.0135 37.0135 18.9737 18.9737 11.6619 11.6619 23.0217 23.0217 20.3961 20.3961 17.8045
7 27.7849 44.4072 61.2944 50.7740 15.2315 48.6004 30.8707 0.0000 54.5619 47.9270 38.8330 46.5725 34.9285 38.8330 27.2947 26.9258 27.7849 30.0167 55.1543 57.8014 46.0109 38.6394 52.8867 25.0000 27.7849 27.7849 30.0167 30.0167 55.1543 55.1543 57.8014 57.8014 46.0109 46.0109 38.6394 38.6394 52.8867 52.8867 25.0000 25.0000 27.7849
8 27.8029 47.6760 14.7648 15.6525 41.3401 7.2801 29.1204 54.5619 0.0000 23.4094 28.1603 24.3311 33.0606 16.6433 30.4631 45.5412 27.8029 53.1601 18.0278 11.4018 10.1980 34.0588 30.8869 49.4773 27.8029 27.8029 53.1601 53.1601 18.0278 18.0278 11.4018 11.4018 10.1980 10.1980 34.0588 34.0588 30.8869 30.8869 49.4773 49.4773 27.8029
9 30.4138 25.0000 38.0789 8.0623 32.6956 25.0000 17.0880 47.9270 23.4094 0.0000 40.7063 41.2311 14.8661 25.5539 20.8806 51.4782 30.4138 59.4138 39.4081 34.4384 15.6205 13.4164 8.6023 32.8024 30.4138 30.4138 59.4138 59.4138 39.4081 39.4081 34.4384 34.4384 15.6205 15.6205 13.4164 13.4164 8.6023 8.6023 32.8024 32.8024 30.4138
10 15.2315 56.8507 26.4008 36.6879 32.5576 21.0238 32.0156 38.8330 28.1603 40.7063 0.0000 8.0623 39.6989 15.2315 29.6816 19.2094 15.2315 25.9422 18.3848 24.1868 26.9258 43.1393 49.2443 47.7598 15.2315 15.2315 25.9422 25.9422 18.3848 18.3848 24.1868 24.1868 26.9258 26.9258 43.1393 43.1393 49.2443 49.2443 47.7598 47.7598 15.2315
11 21.0950 60.2080 19.2354 35.8469 39.0512 18.0278 35.7771 46.5725 24.3311 41.2311 8.0623 0.0000 43.0465 16.4012 34.1760 26.8701 21.0950 33.0151 10.8167 17.7200 26.0768 46.0435 49.8197 53.3667 21.0950 21.0950 33.0151 33.0151 10.8167 10.8167 17.7200 17.7200 26.0768 26.0768 46.0435 46.0435 49.8197 49.8197 53.3667 53.3667 21.0950
12 25.6125 17.2047 46.2709 21.0238 20.0998 31.4006 7.8102 34.9285 33.0606 14.8661 39.6989 43.0465 0.0000 26.8328 11.1803 44.7772 25.6125 52.2015 44.9222 42.2966 23.0000 4.1231 18.0278 18.0278 25.6125 25.6125 52.2015 52.2015 44.9222 44.9222 42.2966 42.2966 23.0000 23.0000 4.1231 4.1231 18.0278 18.0278 18.0278 18.0278 25.6125
13 11.3137 43.9090 23.0868 21.5870 27.2029 9.8995 19.9249 38.8330 16.6433 25.5539 15.2315 16.4012 26.8328 0.0000 19.1050 29.6142 11.3137 37.4833 19.0263 19.3132 12.0416 29.6816 34.1321 39.0512 11.3137 11.3137 37.4833 37.4833 19.0263 19.0263 19.3132 19.3132 12.0416 12.0416 29.6816 29.6816 34.1321 34.1321 39.0512 39.0512 11.3137
14 14.8661 27.5862 41.3038 23.6008 12.2066 26.4764 4.0000 27.2947 30.4631 20.8806 29.6816 34.1760 11.1803 19.1050 0.0000 33.6155 14.8661 41.1096 38.1182 37.3363 20.5913 15.2315 27.0185 20.0000 14.8661 14.8661 41.1096 41.1096 38.1182 38.1182 37.3363 37.3363 20.5913 20.5913 15.2315 15.2315 27.0185 27.0185 20.0000 20.0000 14.8661
15 21.0950 60.2080 45.6070 50.0100 29.0000 38.2753 37.3363 26.9258 45.5412 51.4782 19.2094 26.8701 44.7772 29.6142 33.6155 0.0000 21.0950 8.0000 37.5366 43.2666 41.3038 48.8467 59.2284 45.2769 21.0950 21.0950 8.0000 8.0000 37.5366 37.5366 43.2666 43.2666 41.3038 41.3038 48.8467 48.8467 59.2284 59.2284 45.2769 45.2769 21.0950
16 0.0000 42.4264 33.5410 29.1548 18.0000 21.2132 17.8045 27.7849 27.8029 30.4138 15.2315 21.0950 25.6125 11.3137 14.8661 21.0950 0.0000 29.0689 27.8927 30.0167 21.1896 29.4109 38.3275 32.5730 0.0000 0.0000 29.0689 29.0689 27.8927 27.8927 30.0167 30.0167 21.1896 21.1896 29.4109 29.4109 38.3275 38.3275 32.5730 32.5730 0.0000
19 29.0689 67.1193 52.1536 58.0086 35.2278 45.8803 44.9222 30.0167 53.1601 59.4138 25.9422 33.0151 52.2015 37.4833 41.1096 8.0000 29.0689 0.0000 43.8292 50.1199 49.2544 56.3028 67.0820 51.0882 29.0689 29.0689 0.0000 0.0000 43.8292 43.8292 50.1199 50.1199 49.2544 49.2544 56.3028 56.3028 67.0820 67.0820 51.0882 51.0882 29.0689
22 27.8927 61.4654 8.5440 32.5576 45.5412 14.4222 38.6394 55.1543 18.0278 39.4081 18.3848 10.8167 44.9222 19.0263 38.1182 37.5366 27.8927 43.8292 0.0000 8.0623 23.8537 47.1699 47.6340 58.0775 27.8927 27.8927 43.8292 43.8292 0.0000 0.0000 8.0623 8.0623 23.8537 23.8537 47.1699 47.1699 47.6340 47.6340 58.0775 58.0775 27.8927
25 30.0167 57.9741 4.0000 26.9258 46.4866 11.0000 37.0135 57.8014 11.4018 34.4384 24.1868 17.7200 42.2966 19.3132 37.3363 43.2666 30.0167 50.1199 8.0623 0.0000 19.6469 43.9318 42.1900 57.2189 30.0167 30.0167 50.1199 50.1199 8.0623 8.0623 0.0000 0.0000 19.6469 19.6469 43.9318 43.9318 42.1900 42.1900 57.2189 57.2189 30.0167
28 21.1896 38.3275 23.5372 9.8489 32.0156 9.4340 18.9737 46.0109 10.1980 15.6205 26.9258 26.0768 23.0000 12.0416 20.5913 41.3038 21.1896 49.2544 23.8537 19.6469 0.0000 24.3311 24.0416 39.2938 21.1896 21.1896 49.2544 49.2544 23.8537 23.8537 19.6469 19.6469 0.0000 0.0000 24.3311 24.3311 24.0416 24.0416 39.2938 39.2938 21.1896
31 29.4109 14.3178 47.8539 20.6155 24.0208 33.2415 11.6619 38.6394 34.0588 13.4164 43.1393 46.0435 4.1231 29.6816 15.2315 48.8467 29.4109 56.3028 47.1699 43.9318 24.3311 0.0000 14.7648 19.7990 29.4109 29.4109 56.3028 56.3028 47.1699 47.1699 43.9318 43.9318 24.3311 24.3311 0.0000 0.0000 14.7648 14.7648 19.7990 19.7990 29.4109
34 38.3275 21.1896 45.6508 15.2643 37.8550 33.3017 23.0217 52.8867 30.8869 8.6023 49.2443 49.8197 18.0278 34.1321 27.0185 59.2284 38.3275 67.0820 47.6340 42.1900 24.0416 14.7648 0.0000 34.2053 38.3275 38.3275 67.0820 67.0820 47.6340 47.6340 42.1900 42.1900 24.0416 24.0416 14.7648 14.7648 0.0000 0.0000 34.2053 34.2053 38.3275
37 32.5730 20.0250 61.2046 38.9487 16.4012 46.2709 20.3961 25.0000 49.4773 32.8024 47.7598 53.3667 18.0278 39.0512 20.0000 45.2769 32.5730 51.0882 58.0775 57.2189 39.2938 19.7990 34.2053 0.0000 32.5730 32.5730 51.0882 51.0882 58.0775 58.0775 57.2189 57.2189 39.2938 39.2938 19.7990 19.7990 34.2053 34.2053 0.0000 0.0000 32.5730
17 0.0000 42.4264 33.5410 29.1548 18.0000 21.2132 17.8045 27.7849 27.8029 30.4138 15.2315 21.0950 25.6125 11.3137 14.8661 21.0950 0.0000 29.0689 27.8927 30.0167 21.1896 29.4109 38.3275 32.5730 0.0000 0.0000 29.0689 29.0689 27.8927 27.8927 30.0167 30.0167 21.1896 21.1896 29.4109 29.4109 38.3275 38.3275 32.5730 32.5730 0.0000
18 0.0000 42.4264 33.5410 29.1548 18.0000 21.2132 17.8045 27.7849 27.8029 30.4138 15.2315 21.0950 25.6125 11.3137 14.8661 21.0950 0.0000 29.0689 27.8927 30.0167 21.1896 29.4109 38.3275 32.5730 0.0000 0.0000 29.0689 29.0689 27.8927 27.8927 30.0167 30.0167 21.1896 21.1896 29.4109 29.4109 38.3275 38.3275 32.5730 32.5730 0.0000
20 29.0689 67.1193 52.1536 58.0086 35.2278 45.8803 44.9222 30.0167 53.1601 59.4138 25.9422 33.0151 52.2015 37.4833 41.1096 8.0000 29.0689 0.0000 43.8292 50.1199 49.2544 56.3028 67.0820 51.0882 29.0689 29.0689 0.0000 0.0000 43.8292 43.8292 50.1199 50.1199 49.2544 49.2544 56.3028 56.3028 67.0820 67.0820 51.0882 51.0882 29.0689
21 29.0689 67.1193 52.1536 58.0086 35.2278 45.8803 44.9222 30.0167 53.1601 59.4138 25.9422 33.0151 52.2015 37.4833 41.1096 8.0000 29.0689 0.0000 43.8292 50.1199 49.2544 56.3028 67.0820 51.0882 29.0689 29.0689 0.0000 0.0000 43.8292 43.8292 50.1199 50.1199 49.2544 49.2544 56.3028 56.3028 67.0820 67.0820 51.0882 51.0882 29.0689
23 27.8927 61.4654 8.5440 32.5576 45.5412 14.4222 38.6394 55.1543 18.0278 39.4081 18.3848 10.8167 44.9222 19.0263 38.1182 37.5366 27.8927 43.8292 0.0000 8.0623 23.8537 47.1699 47.6340 58.0775 27.8927 27.8927 43.8292 43.8292 0.0000 0.0000 8.0623 8.0623 23.8537 23.8537 47.1699 47.1699 47.6340 47.6340 58.0775 58.0775 27.8927
24 27.8927 61.4654 8.5440 32.5576 45.5412 14.4222 38.6394 55.1543 18.0278 39.4081 18.3848 10.8167 44.9222 19.0263 38.1182 37.5366 27.8927 43.8292 0.0000 8.0623 23.8537 47.1699 47.6340 58.0775 27.8927 27.8927 43.8292 43.8292 0.0000 0.0000 8.0623 8.0623 23.8537 23.8537 47.1699 47.1699 47.6340 47.6340 58.0775 58.0775 27.8927
26 30.0167 57.9741 4.0000 26.9258 46.4866 11.0000 37.0135 57.8014 11.4018 34.4384 24.1868 17.7200 42.2966 19.3132 37.3363 43.2666 30.0167 50.1199 8.0623 0.0000 19.6469 43.9318 42.1900 57.2189 30.0167 30.0167 50.1199 50.1199 8.0623 8.0623 0.0000 0.0000 19.6469 19.6469 43.9318 43.9318 42.1900 42.1900 57.2189 57.2189 30.0167
27 30.0167 57.9741 4.0000 26.9258 46.4866 11.0000 37.0135 57.8014 11.4018 34.4384 24.1868 17.7200 42.2966 19.3132 37.3363 43.2666 30.0167 50.1199 8.0623 0.0000 19.6469 43.9318 42.1900 57.2189 30.0167 30.0167 50.1199 50.1199 8.0623 8.0623 0.0000 0.0000 19.6469 19.6469 43.9318 43.9318 42.1900 42.1900 57.2189 57.2189 30.0167
29 21.1896 38.3275 23.5372 9.8489 32.0156 9.4340 18.9737 46.0109 10.1980 15.6205 26.9258 26.0768 23.0000 12.0416 20.5913 41.3038 21.1896 49.2544 23.8537 19.6469 0.0000 24.3311 24.0416 39.2938 21.1896 21.1896 49.2544 49.2544 23.8537 23.8537 19.6469 19.6469 0.0000 0.0000 24.3311 24.3311 24.0416 24.0416 39.2938 39.2938 21.1896
30 21.1896 38.3275 23.5372 9.8489 32.0156 9.4340 18.9737 46.0109 10.1980 15.6205 26.9258 26.0768 23.0000 12.0416 20.5913 41.3038 21.1896 49.2544 23.8537 19.6469 0.0000 24.3311 24.0416 39.2938 21.1896 21.1896 49.2544 49.2544 23.8537 23.8537 19.6469 19.6469 0.0000 0.0000 24.3311 24.3311 24.0416 24.0416 39.2938 39.2938 21.1896
32 29.4109 14.3178 47.8539 20.6155 24.0208 33.2415 11.6619 38.6394 34.0588 13.4164 43.1393 46.0435 4.1231 29.6816 15.2315 48.8467 29.4109 56.3028 47.1699 43.9318 24.3311 0.0000 14.7648 19.7990 29.4109 29.4109 56.3028 56.3028 47.1699 47.1699 43.9318 43.9318 24.3311 24.3311 0.0000 0.0000 14.7648 14.7648 19.7990 19.7990 29.4109
33 29.4109 14.3178 47.8539 20.6155 24.0208 33.2415 11.6619 38.6394 34.0588 13.4164 43.1393 46.0435 4.1231 29.6816 15.2315 48.8467 29.4109 56.3028 47.1699 43.9318 24.3311 0.0000 14.7648 19.7990 29.4109 29.4109 56.3028 56.3028 47.1699 47.1699 43.9318 43.9318 24.3311 24.3311 0.0000 0.0000 14.7648 14.7648 19.7990 19.7990 29.4109
35 38.3275 21.1896 45.6508 15.2643 37.8550 33.3017 23.0217 52.8867 30.8869 8.6023 49.2443 49.8197 18.0278 34.1321 27.0185 59.2284 38.3275 67.0820 47.6340 42.1900 24.0416 14.7648 0.0000 34.2053 38.3275 38.3275 67.0820 67.0820 47.6340 47.6340 42.1900 42.1900 24.0416 24.0416 14.7648 14.7648 0.0000 0.0000 34.2053 34.2053 38.3275
36 38.3275 21.1896 45.6508 15.2643 37.8550 33.3017 23.0217 52.8867 30.8869 8.6023 49.2443 49.8197 18.0278 34.1321 27.0185 59.2284 38.3275 67.0820 47.6340 42.1900 24.0416 14.7648 0.0000 34.2053 38.3275 38.3275 67.0820 67.0820 47.6340 47.6340 42.1900 42.1900 24.0416 24.0416 14.7648 14.7648 0.0000 0.0000 34.2053 34.2053 38.3275
38 32.5730 20.0250 61.2046 38.9487 16.4012 46.2709 20.3961 25.0000 49.4773 32.8024 47.7598 53.3667 18.0278 39.0512 20.0000 45.2769 32.5730 51.0882 58.0775 57.2189 39.2938 19.7990 34.2053 0.0000 32.5730 32.5730 51.0882 51.0882 58.0775 58.0775 57.2189 57.2189 39.2938 39.2938 19.7990 19.7990 34.2053 34.2053 0.0000 0.0000 32.5730
39 32.5730 20.0250 61.2046 38.9487 16.4012 46.2709 20.3961 25.0000 49.4773 32.8024 47.7598 53.3667 18.0278 39.0512 20.0000 45.2769 32.5730 51.0882 58.0775 57.2189 39.2938 19.7990 34.2053 0.0000 32.5730 32.5730 51.0882 51.0882 58.0775 58.0775 57.2189 57.2189 39.2938 39.2938 19.7990 19.7990 34.2053 34.2053 0.0000 0.0000 32.5730
40 0.0000 42.4264 33.5410 29.1548 18.0000 21.2132 17.8045 27.7849 27.8029 30.4138 15.2315 21.0950 25.6125 11.3137 14.8661 21.0950 0.0000 29.0689 27.8927 30.0167 21.1896 29.4109 38.3275 32.5730 0.0000 0.0000 29.0689 29.0689 27.8927 27.8927 30.0167 30.0167 21.1896 21.1896 29.4109 29.4109 38.3275 38.3275 32.5730 32.5730 0.0000
;