F_UNIQ := 16 19 22 25 28;
F_NODES[16] := 16 17 18;
F_NODES[19] := 19 20 21;
F_NODES[22] := 22 23 24;
F_NODES[25] := 25 26 27;
F_NODES[28] := 28 29 30;
#definition

# set
set V := 1 2 3 4 5 6 7 8 9 10 11 12 13 14 15 ; 	# customer set
set F := 16 19 22 25 F20
17 18  
20 21  
23 24 
26 27 
29 30  ;#recharging & battery swapping station
set D0 :=0;
set Dsig :=31;


# param
param CV := 200;    		# ECV fixed cost(Topic Given)
param C := 200;   		# ECV max load
param Q := 77.75; 		# ECV/BSV battery level
param h := 1;     		# ECV consumption

param CB := 267;    		# BSV fixed cost(Topic Given)
param Qplun := 5;       # BSV max load(battery)
param hplun := 1;     	# BSV consumption
param W :=155.50;		# BSV battery level

param Ct := 10 ;		# travel cost
param Cr := 100 ;		# recharging cost
param lamda := 0.00;	# battery swap time
param Cb ;  	    # battery swap cost(BSS/BSV)
param n :=15;	   		# number of customers
param g :=1.17 ;     	# the recharging rate of ECV 



# customer demend
param m :=
0 0
1 10
2 18
3 20
4 20
5 6
6 3
7 10
8 10
9 30
10 16
11 23
12 8
13 13
14 3
15 14
16 0
19 0
22 0
25 0
28 0
17 0
18 0
20 0
21 0
23 0
24 0
26 0
27 0
29 0
30 0
31 0;

param e :=
0 0
1 51
2 96
3 58
4 95
5 0
6 52
7 91
8 37
9 0
10 11
11 180
12 0
13 90
14 180
15 0
16 0
19 0
22 0
25 0
28 0
17 0
18 0
20 0
21 0
23 0
24 0
26 0
27 0
29 0
30 0
31 0;

param l :=
0 240
1 81
2 126
3 88
4 125
5 225
6 82
7 121
8 67
9 182
10 41
11 210
12 202
13 120
14 210
15 210
16 240
19 240
22 240
25 240
28 240
17 240
18 240
20 240
21 240
23 240
24 240
26 240
27 240
29 240
30 240
31 240;

param s :=
0 0
1 10
2 10
3 10
4 10
5 10
6 10
7 10
8 10
9 10
10 10
11 10
12 10
13 10
14 10
15 10
16 0
19 0
22 0
25 0
28 0
17 0
18 0
20 0
21 0
23 0
24 0
26 0
27 0
29 0
30 0
31 0;

param d : 0 1 2 3 4 5 6 7 8 9 10 11 12 13 14 15 16 19 22 25 28 17 18 20 21 23 24 26 27 29 30 31 :=
0 0.0000 51.4782 27.0185 39.2938 33.3017 4.2426 29.1548 39.0512 36.0555 47.4342 11.1803 19.6469 27.4591 38.2099 19.2354 19.2354 0.0000 36.2353 38.0789 37.2022 42.0595 0.0000 0.0000 36.2353 36.2353 38.0789 38.0789 37.2022 37.2022 42.0595 42.0595 0.0000
1 51.4782 0.0000 28.2843 84.3445 83.6002 52.8015 22.3607 89.0225 60.4152 10.0000 52.2015 66.6033 45.6508 73.0068 68.4105 48.3735 51.4782 63.5059 86.3713 75.0600 9.4340 51.4782 51.4782 63.5059 63.5059 86.3713 86.3713 75.0600 75.0600 9.4340 9.4340 51.4782
2 27.0185 28.2843 0.0000 56.0892 60.3075 26.9072 10.0000 66.0681 51.0882 28.6356 24.5967 45.6508 36.4966 45.2769 46.0435 20.0998 27.0185 53.0000 64.8999 47.0106 20.0250 27.0185 27.0185 53.0000 53.0000 64.8999 64.8999 47.0106 47.0106 20.0250 20.0250 27.0185
3 39.2938 84.3445 56.0892 0.0000 38.4838 35.6931 63.1981 42.0595 70.4557 83.1505 33.0000 43.9318 65.9242 18.8680 39.6232 36.1386 39.2938 69.2026 47.0106 14.4222 75.6637 39.2938 39.2938 69.2026 69.2026 47.0106 47.0106 14.4222 14.4222 75.6637 75.6637 39.2938
4 33.3017 83.6002 60.3075 38.4838 0.0000 33.8378 61.7171 5.8310 42.2966 78.0320 38.9102 18.0278 46.0977 51.3517 15.2643 47.9270 33.3017 39.6232 8.5440 47.6760 74.2024 33.3017 33.3017 39.6232 39.6232 8.5440 8.5440 47.6760 47.6760 74.2024 74.2024 33.3017
5 4.2426 52.8015 26.9072 35.6931 33.8378 0.0000 30.4631 39.6611 40.2244 49.4773 7.2801 22.0907 31.6228 33.9706 20.8806 16.0000 4.2426 40.3113 39.3954 33.0151 43.4626 4.2426 4.2426 40.3113 40.3113 39.3954 39.3954 33.0151 33.0151 43.4626 43.4626 4.2426
6 29.1548 22.3607 10.0000 63.1981 61.7171 30.4631 0.0000 67.2681 45.2769 20.0000 30.4138 45.3431 30.0666 54.1295 46.6905 28.2843 29.1548 47.6760 65.1153 55.4437 13.0000 29.1548 29.1548 47.6760 47.6760 65.1153 65.1153 55.4437 55.4437 13.0000 13.0000 29.1548
7 39.0512 89.0225 66.0681 42.0595 5.8310 39.6611 67.2681 0.0000 45.0000 83.2166 44.7214 22.8254 50.2892 56.0803 20.6155 53.7122 39.0512 42.0476 6.7082 52.2398 79.6492 39.0512 39.0512 42.0476 42.0476 6.7082 6.7082 52.2398 52.2398 79.6492 79.6492 39.0512
8 36.0555 60.4152 51.0882 70.4557 42.2966 40.2244 45.2769 45.0000 0.0000 51.4782 47.1699 27.3130 15.2971 73.7564 31.7805 54.1295 36.0555 3.6056 39.1152 72.1388 52.8110 36.0555 36.0555 3.6056 3.6056 39.1152 39.1152 72.1388 72.1388 52.8110 52.8110 36.0555
9 47.4342 10.0000 28.6356 83.1505 78.0320 49.4773 20.0000 83.2166 51.4782 0.0000 50.2494 60.4649 37.2022 73.8241 62.7694 48.1664 47.4342 54.7083 80.0000 75.3260 9.4340 47.4342 47.4342 54.7083 54.7083 80.0000 80.0000 75.3260 75.3260 9.4340 9.4340 47.4342
10 11.1803 52.2015 24.5967 33.0000 38.9102 7.2801 30.4138 44.7214 47.1699 50.2494 0.0000 29.0000 37.5366 28.0179 27.2947 9.2195 11.1803 47.4131 45.2217 27.7308 43.1741 11.1803 11.1803 47.4131 47.4131 45.2217 45.2217 27.7308 27.7308 43.1741 43.1741 11.1803
11 19.6469 66.6033 45.6508 43.9318 18.0278 22.0907 45.3431 22.8254 27.3130 60.4649 29.0000 0.0000 28.2843 50.5371 4.4721 38.0526 19.6469 25.5539 19.7990 48.0208 57.3149 19.6469 19.6469 25.5539 25.5539 19.7990 19.7990 48.0208 48.0208 57.3149 57.3149 19.6469
12 27.4591 45.6508 36.4966 65.9242 46.0977 31.6228 30.0666 50.2892 15.2971 37.2022 37.5366 28.2843 0.0000 65.4370 32.0624 42.8019 27.4591 18.0278 45.6946 64.6375 37.6962 27.4591 27.4591 18.0278 18.0278 45.6946 45.6946 64.6375 64.6375 37.6962 37.6962 27.4591
13 38.2099 73.0068 45.2769 18.8680 51.3517 33.9706 54.1295 56.0803 73.7564 73.8241 28.0179 50.5371 65.4370 0.0000 47.0106 25.9615 38.2099 73.4098 59.6825 4.4721 65.2763 38.2099 38.2099 73.4098 73.4098 59.6825 59.6825 4.4721 4.4721 65.2763 65.2763 38.2099
14 19.2354 68.4105 46.0435 39.6232 15.2643 20.8806 46.6905 20.6155 31.7805 62.7694 27.2947 4.4721 32.0624 47.0106 0.0000 36.4966 19.2354 30.0167 18.8680 44.2945 59.0339 19.2354 19.2354 30.0167 30.0167 18.8680 18.8680 44.2945 44.2945 59.0339 59.0339 19.2354
15 19.2354 48.3735 20.0998 36.1386 47.9270 16.0000 28.2843 53.7122 54.1295 48.1664 9.2195 38.0526 42.8019 25.9615 36.4966 0.0000 19.2354 54.7814 54.4059 27.1662 40.0125 19.2354 19.2354 54.7814 54.7814 54.4059 54.4059 27.1662 27.1662 40.0125 40.0125 19.2354
16 0.0000 51.4782 27.0185 39.2938 33.3017 4.2426 29.1548 39.0512 36.0555 47.4342 11.1803 19.6469 27.4591 38.2099 19.2354 19.2354 0.0000 36.2353 38.0789 37.2022 42.0595 0.0000 0.0000 36.2353 36.2353 38.0789 38.0789 37.2022 37.2022 42.0595 42.0595 0.0000
19 36.2353 63.5059 53.0000 69.2026 39.6232 40.3113 47.6760 42.0476 3.6056 54.7083 47.4131 25.5539 18.0278 73.4098 30.0167 54.7814 36.2353 0.0000 36.0139 71.5891 55.7136 36.2353 36.2353 0.0000 0.0000 36.0139 36.0139 71.5891 71.5891 55.7136 55.7136 36.2353
22 38.0789 86.3713 64.8999 47.0106 8.5440 39.3954 65.1153 6.7082 39.1152 80.0000 45.2217 19.7990 45.6946 59.6825 18.8680 54.4059 38.0789 36.0139 0.0000 56.0892 77.1038 38.0789 38.0789 36.0139 36.0139 0.0000 0.0000 56.0892 56.0892 77.1038 77.1038 38.0789
25 37.2022 75.0600 47.0106 14.4222 47.6760 33.0151 55.4437 52.2398 72.1388 75.3260 27.7308 48.0208 64.6375 4.4721 44.2945 27.1662 37.2022 71.5891 56.0892 0.0000 67.0298 37.2022 37.2022 71.5891 71.5891 56.0892 56.0892 0.0000 0.0000 67.0298 67.0298 37.2022
28 42.0595 9.4340 20.0250 75.6637 74.2024 43.4626 13.0000 79.6492 52.8110 9.4340 43.1741 57.3149 37.6962 65.2763 59.0339 40.0125 42.0595 55.7136 77.1038 67.0298 0.0000 42.0595 42.0595 55.7136 55.7136 77.1038 77.1038 67.0298 67.0298 0.0000 0.0000 42.0595
17 0.0000 51.4782 27.0185 39.2938 33.3017 4.2426 29.1548 39.0512 36.0555 47.4342 11.1803 19.6469 27.4591 38.2099 19.2354 19.2354 0.0000 36.2353 38.0789 37.2022 42.0595 0.0000 0.0000 36.2353 36.2353 38.0789 38.0789 37.2022 37.2022 42.0595 42.0595 0.0000
18 0.0000 51.4782 27.0185 39.2938 33.3017 4.2426 29.1548 39.0512 36.0555 47.4342 11.1803 19.6469 27.4591 38.2099 19.2354 19.2354 0.0000 36.2353 38.0789 37.2022 42.0595 0.0000 0.0000 36.2353 36.2353 38.0789 38.0789 37.2022 37.2022 42.0595 42.0595 0.0000
20 36.2353 63.5059 53.0000 69.2026 39.6232 40.3113 47.6760 42.0476 3.6056 54.7083 47.4131 25.5539 18.0278 73.4098 30.0167 54.7814 36.2353 0.0000 36.0139 71.5891 55.7136 36.2353 36.2353 0.0000 0.0000 36.0139 36.0139 71.5891 71.5891 55.7136 55.7136 36.2353
21 36.2353 63.5059 53.0000 69.2026 39.6232 40.3113 47.6760 42.0476 3.6056 54.7083 47.4131 25.5539 18.0278 73.4098 30.0167 54.7814 36.2353 0.0000 36.0139 71.5891 55.7136 36.2353 36.2353 0.0000 0.0000 36.0139 36.0139 71.5891 71.5891 55.7136 55.7136 36.2353
23 38.0789 86.3713 64.8999 47.0106 8.5440 39.3954 65.1153 6.7082 39.1152 80.0000 45.2217 19.7990 45.6946 59.6825 18.8680 54.4059 38.0789 36.0139 0.0000 56.0892 77.1038 38.0789 38.0789 36.0139 36.0139 0.0000 0.0000 56.0892 56.0892 77.1038 77.1038 38.0789
24 38.0789 86.3713 64.8999 47.0106 8.5440 39.3954 65.1153 6.7082 39.1152 80.0000 45.2217 19.7990 45.6946 59.6825 18.8680 54.4059 38.0789 36.0139 0.0000 56.0892 77.1038 38.0789 38.0789 36.0139 36.0139 0.0000 0.0000 56.0892 56.0892 77.1038 77.1038 38.0789
26 37.2022 75.0600 47.0106 14.4222 47.6760 33.0151 55.4437 52.2398 72.1388 75.3260 27.7308 48.0208 64.6375 4.4721 44.2945 27.1662 37.2022 71.5891 56.0892 0.0000 67.0298 37.2022 37.2022 71.5891 71.5891 56.0892 56.0892 0.0000 0.0000 67.0298 67.0298 37.2022
27 37.2022 75.0600 47.0106 14.4222 47.6760 33.0151 55.4437 52.2398 72.1388 75.3260 27.7308 48.0208 64.6375 4.4721 44.2945 27.1662 37.2022 71.5891 56.0892 0.0000 67.0298 37.2022 37.2022 71.5891 71.5891 56.0892 56.0892 0.0000 0.0000 67.0298 67.0298 37.2022
29 42.0595 9.4340 20.0250 75.6637 74.2024 43.4626 13.0000 79.6492 52.8110 9.4340 43.1741 57.3149 37.6962 65.2763 59.0339 40.0125 42.0595 55.7136 77.1038 67.0298 0.0000 42.0595 42.0595 55.7136 55.7136 77.1038 77.1038 67.0298 67.0298 0.0000 0.0000 42.0595
30 42.0595 9.4340 20.0250 75.6637 74.2024 43.4626 13.0000 79.6492 52.8110 9.4340 43.1741 57.3149 37.6962 65.2763 59.0339 40.0125 42.0595 55.7136 77.1038 67.0298 0.0000 42.0595 42.0595 55.7136 55.7136 77.1038 77.1038 67.0298 67.0298 0.0000 0.0000 42.0595
31 0.0000 51.4782 27.0185 39.2938 33.3017 4.2426 29.1548 39.0512 36.0555 47.4342 11.1803 19.6469 27.4591 38.2099 19.2354 19.2354 0.0000 36.2353 38.0789 37.2022 42.0595 0.0000 0.0000 36.2353 36.2353 38.0789 38.0789 37.2022 37.2022 42.0595 42.0595 0.0000
;

param t : 0 1 2 3 4 5 6 7 8 9 10 11 12 13 14 15 16 19 22 25 28 17 18 20 21 23 24 26 27 29 30 31 :=
0 0.0000 51.4782 27.0185 39.2938 33.3017 4.2426 29.1548 39.0512 36.0555 47.4342 11.1803 19.6469 27.4591 38.2099 19.2354 19.2354 0.0000 36.2353 38.0789 37.2022 42.0595 0.0000 0.0000 36.2353 36.2353 38.0789 38.0789 37.2022 37.2022 42.0595 42.0595 0.0000
1 51.4782 0.0000 28.2843 84.3445 83.6002 52.8015 22.3607 89.0225 60.4152 10.0000 52.2015 66.6033 45.6508 73.0068 68.4105 48.3735 51.4782 63.5059 86.3713 75.0600 9.4340 51.4782 51.4782 63.5059 63.5059 86.3713 86.3713 75.0600 75.0600 9.4340 9.4340 51.4782
2 27.0185 28.2843 0.0000 56.0892 60.3075 26.9072 10.0000 66.0681 51.0882 28.6356 24.5967 45.6508 36.4966 45.2769 46.0435 20.0998 27.0185 53.0000 64.8999 47.0106 20.0250 27.0185 27.0185 53.0000 53.0000 64.8999 64.8999 47.0106 47.0106 20.0250 20.0250 27.0185
3 39.2938 84.3445 56.0892 0.0000 38.4838 35.6931 63.1981 42.0595 70.4557 83.1505 33.0000 43.9318 65.9242 18.8680 39.6232 36.1386 39.2938 69.2026 47.0106 14.4222 75.6637 39.2938 39.2938 69.2026 69.2026 47.0106 47.0106 14.4222 14.4222 75.6637 75.6637 39.2938
4 33.3017 83.6002 60.3075 38.4838 0.0000 33.8378 61.7171 5.8310 42.2966 78.0320 38.9102 18.0278 46.0977 51.3517 15.2643 47.9270 33.3017 39.6232 8.5440 47.6760 74.2024 33.3017 33.3017 39.6232 39.6232 8.5440 8.5440 47.6760 47.6760 74.2024 74.2024 33.3017
5 4.2426 52.8015 26.9072 35.6931 33.8378 0.0000 30.4631 39.6611 40.2244 49.4773 7.2801 22.0907 31.6228 33.9706 20.8806 16.0000 4.2426 40.3113 39.3954 33.0151 43.4626 4.2426 4.2426 40.3113 40.3113 39.3954 39.3954 33.0151 33.0151 43.4626 43.4626 4.2426
6 29.1548 22.3607 10.0000 63.1981 61.7171 30.4631 0.0000 67.2681 45.2769 20.0000 30.4138 45.3431 30.0666 54.1295 46.6905 28.2843 29.1548 47.6760 65.1153 55.4437 13.0000 29.1548 29.1548 47.6760 47.6760 65.1153 65.1153 55.4437 55.4437 13.0000 13.0000 29.1548
7 39.0512 89.0225 66.0681 42.0595 5.8310 39.6611 67.2681 0.0000 45.0000 83.2166 44.7214 22.8254 50.2892 56.0803 20.6155 53.7122 39.0512 42.0476 6.7082 52.2398 79.6492 39.0512 39.0512 42.0476 42.0476 6.7082 6.7082 52.2398 52.2398 79.6492 79.6492 39.0512
8 36.0555 60.4152 51.0882 70.4557 42.2966 40.2244 45.2769 45.0000 0.0000 51.4782 47.1699 27.3130 15.2971 73.7564 31.7805 54.1295 36.0555 3.6056 39.1152 72.1388 52.8110 36.0555 36.0555 3.6056 3.6056 39.1152 39.1152 72.1388 72.1388 52.8110 52.8110 36.0555
9 47.4342 10.0000 28.6356 83.1505 78.0320 49.4773 20.0000 83.2166 51.4782 0.0000 50.2494 60.4649 37.2022 73.8241 62.7694 48.1664 47.4342 54.7083 80.0000 75.3260 9.4340 47.4342 47.4342 54.7083 54.7083 80.0000 80.0000 75.3260 75.3260 9.4340 9.4340 47.4342
10 11.1803 52.2015 24.5967 33.0000 38.9102 7.2801 30.4138 44.7214 47.1699 50.2494 0.0000 29.0000 37.5366 28.0179 27.2947 9.2195 11.1803 47.4131 45.2217 27.7308 43.1741 11.1803 11.1803 47.4131 47.4131 45.2217 45.2217 27.7308 27.7308 43.1741 43.1741 11.1803
11 19.6469 66.6033 45.6508 43.9318 18.0278 22.0907 45.3431 22.8254 27.3130 60.4649 29.0000 0.0000 28.2843 50.5371 4.4721 38.0526 19.6469 25.5539 19.7990 48.0208 57.3149 19.6469 19.6469 25.5539 25.5539 19.7990 19.7990 48.0208 48.0208 57.3149 57.3149 19.6469
12 27.4591 45.6508 36.4966 65.9242 46.0977 31.6228 30.0666 50.2892 15.2971 37.2022 37.5366 28.2843 0.0000 65.4370 32.0624 42.8019 27.4591 18.0278 45.6946 64.6375 37.6962 27.4591 27.4591 18.0278 18.0278 45.6946 45.6946 64.6375 64.6375 37.6962 37.6962 27.4591
13 38.2099 73.0068 45.2769 18.8680 51.3517 33.9706 54.1295 56.0803 73.7564 73.8241 28.0179 50.5371 65.4370 0.0000 47.0106 25.9615 38.2099 73.4098 59.6825 4.4721 65.2763 38.2099 38.2099 73.4098 73.4098 59.6825 59.6825 4.4721 4.4721 65.2763 65.2763 38.2099
14 19.2354 68.4105 46.0435 39.6232 15.2643 20.8806 46.6905 20.6155 31.7805 62.7694 27.2947 4.4721 32.0624 47.0106 0.0000 36.4966 19.2354 30.0167 18.8680 44.2945 59.0339 19.2354 19.2354 30.0167 30.0167 18.8680 18.8680 44.2945 44.2945 59.0339 59.0339 19.2354
15 19.2354 48.3735 20.0998 36.1386 47.9270 16.0000 28.2843 53.7122 54.1295 48.1664 9.2195 38.0526 42.8019 25.9615 36.4966 0.0000 19.2354 54.7814 54.4059 27.1662 40.0125 19.2354 19.2354 54.7814 54.7814 54.4059 54.4059 27.1662 27.1662 40.0125 40.0125 19.2354
16 0.0000 51.4782 27.0185 39.2938 33.3017 4.2426 29.1548 39.0512 36.0555 47.4342 11.1803 19.6469 27.4591 38.2099 19.2354 19.2354 0.0000 36.2353 38.0789 37.2022 42.0595 0.0000 0.0000 36.2353 36.2353 38.0789 38.0789 37.2022 37.2022 42.0595 42.0595 0.0000
19 36.2353 63.5059 53.0000 69.2026 39.6232 40.3113 47.6760 42.0476 3.6056 54.7083 47.4131 25.5539 18.0278 73.4098 30.0167 54.7814 36.2353 0.0000 36.0139 71.5891 55.7136 36.2353 36.2353 0.0000 0.0000 36.0139 36.0139 71.5891 71.5891 55.7136 55.7136 36.2353
22 38.0789 86.3713 64.8999 47.0106 8.5440 39.3954 65.1153 6.7082 39.1152 80.0000 45.2217 19.7990 45.6946 59.6825 18.8680 54.4059 38.0789 36.0139 0.0000 56.0892 77.1038 38.0789 38.0789 36.0139 36.0139 0.0000 0.0000 56.0892 56.0892 77.1038 77.1038 38.0789
25 37.2022 75.0600 47.0106 14.4222 47.6760 33.0151 55.4437 52.2398 72.1388 75.3260 27.7308 48.0208 64.6375 4.4721 44.2945 27.1662 37.2022 71.5891 56.0892 0.0000 67.0298 37.2022 37.2022 71.5891 71.5891 56.0892 56.0892 0.0000 0.0000 67.0298 67.0298 37.2022
28 42.0595 9.4340 20.0250 75.6637 74.2024 43.4626 13.0000 79.6492 52.8110 9.4340 43.1741 57.3149 37.6962 65.2763 59.0339 40.0125 42.0595 55.7136 77.1038 67.0298 0.0000 42.0595 42.0595 55.7136 55.7136 77.1038 77.1038 67.0298 67.0298 0.0000 0.0000 42.0595
17 0.0000 51.4782 27.0185 39.2938 33.3017 4.2426 29.1548 39.0512 36.0555 47.4342 11.1803 19.6469 27.4591 38.2099 19.2354 19.2354 0.0000 36.2353 38.0789 37.2022 42.0595 0.0000 0.0000 36.2353 36.2353 38.0789 38.0789 37.2022 37.2022 42.0595 42.0595 0.0000
18 0.0000 51.4782 27.0185 39.2938 33.3017 4.2426 29.1548 39.0512 36.0555 47.4342 11.1803 19.6469 27.4591 38.2099 19.2354 19.2354 0.0000 36.2353 38.0789 37.2022 42.0595 0.0000 0.0000 36.2353 36.2353 38.0789 38.0789 37.2022 37.2022 42.0595 42.0595 0.0000
20 36.2353 63.5059 53.0000 69.2026 39.6232 40.3113 47.6760 42.0476 3.6056 54.7083 47.4131 25.5539 18.0278 73.4098 30.0167 54.7814 36.2353 0.0000 36.0139 71.5891 55.7136 36.2353 36.2353 0.0000 0.0000 36.0139 36.0139 71.5891 71.5891 55.7136 55.7136 36.2353
21 36.2353 63.5059 53.0000 69.2026 39.6232 40.3113 47.6760 42.0476 3.6056 54.7083 47.4131 25.5539 18.0278 73.4098 30.0167 54.7814 36.2353 0.0000 36.0139 71.5891 55.7136 36.2353 36.2353 0.0000 0.0000 36.0139 36.0139 71.5891 71.5891 55.7136 55.7136 36.2353
23 38.0789 86.3713 64.8999 47.0106 8.5440 39.3954 65.1153 6.7082 39.1152 80.0000 45.2217 19.7990 45.6946 59.6825 18.8680 54.4059 38.0789 36.0139 0.0000 56.0892 77.1038 38.0789 38.0789 36.0139 36.0139 0.0000 0.0000 56.0892 56.0892 77.1038 77.1038 38.0789
24 38.0789 86.3713 64.8999 47.0106 8.5440 39.3954 65.1153 6.7082 39.1152 80.0000 45.2217 19.7990 45.6946 59.6825 18.8680 54.4059 38.0789 36.0139 0.0000 56.0892 77.1038 38.0789 38.0789 36.0139 36.0139 0.0000 0.0000 56.0892 56.0892 77.1038 77.1038 38.0789
26 37.2022 75.0600 47.0106 14.4222 47.6760 33.0151 55.4437 52.2398 72.1388 75.3260 27.7308 48.0208 64.6375 4.4721 44.2945 27.1662 37.2022 71.5891 56.0892 0.0000 67.0298 37.2022 37.2022 71.5891 71.5891 56.0892 56.0892 0.0000 0.0000 67.0298 67.0298 37.2022
27 37.2022 75.0600 47.0106 14.4222 47.6760 33.0151 55.4437 52.2398 72.1388 75.3260 27.7308 48.0208 64.6375 4.4721 44.2945 27.1662 37.2022 71.5891 56.0892 0.0000 67.0298 37.2022 37.2022 71.5891 71.5891 56.0892 56.0892 0.0000 0.0000 67.0298 67.0298 37.2022
29 42.0595 9.4340 20.0250 75.6637 74.2024 43.4626 13.0000 79.6492 52.8110 9.4340 43.1741 57.3149 37.6962 65.2763 59.0339 40.0125 42.0595 55.7136 77.1038 67.0298 0.0000 42.0595 42.0595 55.7136 55.7136 77.1038 77.1038 67.0298 67.0298 0.0000 0.0000 42.0595
30 42.0595 9.4340 20.0250 75.6637 74.2024 43.4626 13.0000 79.6492 52.8110 9.4340 43.1741 57.3149 37.6962 65.2763 59.0339 40.0125 42.0595 55.7136 77.1038 67.0298 0.0000 42.0595 42.0595 55.7136 55.7136 77.1038 77.1038 67.0298 67.0298 0.0000 0.0000 42.0595
31 0.0000 51.4782 27.0185 39.2938 33.3017 4.2426 29.1548 39.0512 36.0555 47.4342 11.1803 19.6469 27.4591 38.2099 19.2354 19.2354 0.0000 36.2353 38.0789 37.2022 42.0595 0.0000 0.0000 36.2353 36.2353 38.0789 38.0789 37.2022 37.2022 42.0595 42.0595 0.0000
;