set F_UNIQ := 16 19 22 25 28;
set F_NODES[16] := 16 17 18;
set F_NODES[19] := 19 20 21;
set F_NODES[22] := 22 23 24;
set F_NODES[25] := 25 26 27;
set F_NODES[28] := 28 29 30;
#definition

# set
set V := 1 2 3 4 5 6 7 8 9 10 11 12 13 14 15 ; 	# customer set
set F := 16 19 22 25 F20
17 18  
20 21  
23 24 
26 27 
29 30  ;#recharging & battery swapping station
set D0 :=0;
set Dsig :=31;


# param
param CV := 200;    		# ECV fixed cost(Topic Given)
param C := 200;   		# ECV max load
param Q := 77.75; 		# ECV/BSV battery level
param h := 1;     		# ECV consumption

param CB := 267;    		# BSV fixed cost(Topic Given)
param Qplun := 5;       # BSV max load(battery)
param hplun := 1;     	# BSV consumption
param W :=155.50;		# BSV battery level

param Ct := 10 ;		# travel cost
param Cr := 100 ;		# recharging cost
param lamda := 0.00;	# battery swap time
param Cb ;  	    # battery swap cost(BSS/BSV)
param n :=15;	   		# number of customers
param g :=1.17 ;     	# the recharging rate of ECV 



# customer demend
param m :=
0 0
1 20
2 30
3 20
4 16
5 10
6 10
7 40
8 20
9 30
10 14
11 5
12 30
13 10
14 6
15 16
16 0
19 0
22 0
25 0
28 0
17 0
18 0
20 0
21 0
23 0
24 0
26 0
27 0
29 0
30 0
31 0;

param e :=
0 0
1 60
2 106
3 49
4 107
5 37
6 71
7 40
8 45
9 45
10 19
11 68
12 61
13 51
14 39
15 97
16 0
19 0
22 0
25 0
28 0
17 0
18 0
20 0
21 0
23 0
24 0
26 0
27 0
29 0
30 0
31 0;

param l :=
0 240
1 159
2 161
3 164
4 200
5 192
6 184
7 148
8 183
9 164
10 172
11 143
12 138
13 178
14 190
15 198
16 240
19 240
22 240
25 240
28 240
17 240
18 240
20 240
21 240
23 240
24 240
26 240
27 240
29 240
30 240
31 240;

param s :=
0 0
1 10
2 10
3 10
4 10
5 10
6 10
7 10
8 10
9 10
10 10
11 10
12 10
13 10
14 10
15 10
16 0
19 0
22 0
25 0
28 0
17 0
18 0
20 0
21 0
23 0
24 0
26 0
27 0
29 0
30 0
31 0;

param d : 0 1 2 3 4 5 6 7 8 9 10 11 12 13 14 15 16 19 22 25 28 17 18 20 21 23 24 26 27 29 30 31 :=
0 0.0000 33.3017 31.6228 30.8058 18.0278 37.7359 37.2022 40.0500 45.2769 45.0444 19.2354 20.0000 40.3113 51.4782 39.0512 13.0384 0.0000 35.1710 24.0208 41.6773 42.0595 0.0000 0.0000 35.1710 35.1710 24.0208 24.0208 41.6773 41.6773 42.0595 42.0595 0.0000
1 33.3017 0.0000 35.9026 40.0000 39.9249 7.2801 5.0000 69.2892 72.0347 72.8011 47.9270 25.0799 43.1741 83.6002 72.3464 44.4185 33.3017 15.8114 53.3104 74.6324 74.2024 33.3017 33.3017 15.8114 15.8114 53.3104 53.3104 74.6324 74.6324 74.2024 74.2024 33.3017
2 31.6228 35.9026 0.0000 59.4054 49.2443 43.1741 40.7922 43.8634 43.0116 44.8219 28.4605 14.1421 67.2681 76.4853 58.5235 31.1448 31.6228 48.7545 32.2025 57.2451 67.7422 31.6228 31.6228 48.7545 48.7545 32.2025 32.2025 57.2451 57.2451 67.7422 67.7422 31.6228
3 30.8058 40.0000 59.4054 0.0000 15.2971 38.6394 40.3113 66.9403 73.6817 72.8011 48.7545 45.4863 10.1980 56.8243 55.4437 41.6293 30.8058 28.4605 52.5547 61.0737 48.8467 30.8058 30.8058 28.4605 28.4605 52.5547 52.5547 61.0737 61.0737 48.8467 48.8467 30.8058
4 18.0278 39.9249 49.2443 15.2971 0.0000 41.3401 42.0595 51.6624 58.5235 57.5674 34.1321 36.4005 25.4951 46.0977 41.2311 26.9258 18.0278 33.9411 37.5766 46.3897 37.2022 18.0278 18.0278 33.9411 33.9411 37.5766 37.5766 46.3897 46.3897 37.2022 37.2022 18.0278
5 37.7359 7.2801 43.1741 38.6394 41.3401 0.0000 2.8284 75.2861 78.4474 79.0759 53.7587 32.0000 40.1123 86.4523 76.6094 49.6588 37.7359 11.1803 59.1354 79.4040 77.1557 37.7359 37.7359 11.1803 11.1803 59.1354 59.1354 79.4040 79.4040 77.1557 77.1557 37.7359
6 37.2022 5.0000 40.7922 40.3113 42.0595 2.8284 0.0000 74.0000 76.9025 77.6209 52.5547 30.0666 42.2966 86.6833 76.2168 48.7647 37.2022 13.6015 57.9396 78.7718 77.3369 37.2022 37.2022 13.6015 13.6015 57.9396 57.9396 78.7718 78.7718 77.3369 77.3369 37.2022
7 40.0500 69.2892 43.8634 66.9403 51.6624 75.2861 74.0000 0.0000 8.6023 6.4031 21.5870 45.6508 77.1298 45.5412 25.0799 27.0185 40.0500 74.8131 16.2788 19.4165 40.3113 40.0500 40.0500 74.8131 74.8131 16.2788 16.2788 19.4165 19.4165 40.3113 40.3113 40.0500
8 45.2769 72.0347 43.0116 73.6817 58.5235 78.4474 76.9025 8.6023 0.0000 3.0000 26.0768 47.4342 83.8153 53.8516 33.5410 32.5576 45.2769 79.1012 21.3776 27.5136 48.8774 45.2769 45.2769 79.1012 79.1012 21.3776 21.3776 27.5136 27.5136 48.8774 48.8774 45.2769
9 45.0444 72.8011 44.8219 72.8011 57.5674 79.0759 77.6209 6.4031 3.0000 0.0000 26.0192 48.4665 82.9699 51.0784 30.8869 32.1403 45.0444 79.3095 21.0238 24.6982 46.3249 45.0444 45.0444 79.3095 79.3095 21.0238 21.0238 24.6982 24.6982 46.3249 46.3249 45.0444
10 19.2354 47.9270 28.4605 48.7545 34.1321 53.7587 52.5547 21.5870 26.0768 26.0192 0.0000 25.4951 58.6941 48.3735 30.0832 7.2111 19.2354 53.3385 5.3852 29.4109 40.0125 19.2354 19.2354 53.3385 53.3385 5.3852 5.3852 29.4109 29.4109 40.0125 40.0125 19.2354
11 20.0000 25.0799 14.1421 45.4863 36.4005 32.0000 30.0666 45.6508 47.4342 48.4665 25.4951 0.0000 53.1507 69.6419 54.0833 24.6982 20.0000 35.7351 30.6105 54.5619 60.4070 20.0000 20.0000 35.7351 35.7351 30.6105 30.6105 54.5619 54.5619 60.4070 60.4070 20.0000
12 40.3113 43.1741 67.2681 10.1980 25.4951 40.1123 42.2966 77.1298 83.8153 82.9699 58.6941 53.1507 0.0000 65.0000 65.1920 51.6236 40.3113 29.0172 62.6259 71.0070 57.5674 40.3113 40.3113 29.0172 29.0172 62.6259 62.6259 71.0070 71.0070 57.5674 57.5674 40.3113
13 51.4782 83.6002 76.4853 56.8243 46.0977 86.4523 86.6833 45.5412 53.8516 51.0784 48.3735 69.6419 65.0000 0.0000 20.6155 45.6070 51.4782 79.9812 46.0109 26.4008 9.4340 51.4782 51.4782 79.9812 79.9812 46.0109 46.0109 26.4008 26.4008 9.4340 9.4340 51.4782
14 39.0512 72.3464 58.5235 55.4437 41.2311 76.6094 76.2168 25.0799 33.5410 30.8869 30.0832 54.0833 65.1920 20.6155 0.0000 29.4109 39.0512 72.4707 26.6833 7.2111 15.6205 39.0512 39.0512 72.4707 72.4707 26.6833 26.6833 7.2111 7.2111 15.6205 15.6205 39.0512
15 13.0384 44.4185 31.1448 41.6293 26.9258 49.6588 48.7647 27.0185 32.5576 32.1403 7.2111 24.6982 51.6236 45.6070 29.4109 0.0000 13.0384 48.0521 11.1803 30.4795 36.6742 13.0384 13.0384 48.0521 48.0521 11.1803 11.1803 30.4795 30.4795 36.6742 36.6742 13.0384
16 0.0000 33.3017 31.6228 30.8058 18.0278 37.7359 37.2022 40.0500 45.2769 45.0444 19.2354 20.0000 40.3113 51.4782 39.0512 13.0384 0.0000 35.1710 24.0208 41.6773 42.0595 0.0000 0.0000 35.1710 35.1710 24.0208 24.0208 41.6773 41.6773 42.0595 42.0595 0.0000
19 35.1710 15.8114 48.7545 28.4605 33.9411 11.1803 13.6015 74.8131 79.1012 79.3095 53.3385 35.7351 29.0172 79.9812 72.4707 48.0521 35.1710 0.0000 58.5491 76.1577 70.9366 35.1710 35.1710 0.0000 0.0000 58.5491 58.5491 76.1577 76.1577 70.9366 70.9366 35.1710
22 24.0208 53.3104 32.2025 52.5547 37.5766 59.1354 57.9396 16.2788 21.3776 21.0238 5.3852 30.6105 62.6259 46.0109 26.6833 11.1803 24.0208 58.5491 0.0000 25.0599 38.2099 24.0208 24.0208 58.5491 58.5491 0.0000 0.0000 25.0599 25.0599 38.2099 38.2099 24.0208
25 41.6773 74.6324 57.2451 61.0737 46.3897 79.4040 78.7718 19.4165 27.5136 24.6982 29.4109 54.5619 71.0070 26.4008 7.2111 30.4795 41.6773 76.1577 25.0599 0.0000 22.6274 41.6773 41.6773 76.1577 76.1577 25.0599 25.0599 0.0000 0.0000 22.6274 22.6274 41.6773
28 42.0595 74.2024 67.7422 48.8467 37.2022 77.1557 77.3369 40.3113 48.8774 46.3249 40.0125 60.4070 57.5674 9.4340 15.6205 36.6742 42.0595 70.9366 38.2099 22.6274 0.0000 42.0595 42.0595 70.9366 70.9366 38.2099 38.2099 22.6274 22.6274 0.0000 0.0000 42.0595
17 0.0000 33.3017 31.6228 30.8058 18.0278 37.7359 37.2022 40.0500 45.2769 45.0444 19.2354 20.0000 40.3113 51.4782 39.0512 13.0384 0.0000 35.1710 24.0208 41.6773 42.0595 0.0000 0.0000 35.1710 35.1710 24.0208 24.0208 41.6773 41.6773 42.0595 42.0595 0.0000
18 0.0000 33.3017 31.6228 30.8058 18.0278 37.7359 37.2022 40.0500 45.2769 45.0444 19.2354 20.0000 40.3113 51.4782 39.0512 13.0384 0.0000 35.1710 24.0208 41.6773 42.0595 0.0000 0.0000 35.1710 35.1710 24.0208 24.0208 41.6773 41.6773 42.0595 42.0595 0.0000
20 35.1710 15.8114 48.7545 28.4605 33.9411 11.1803 13.6015 74.8131 79.1012 79.3095 53.3385 35.7351 29.0172 79.9812 72.4707 48.0521 35.1710 0.0000 58.5491 76.1577 70.9366 35.1710 35.1710 0.0000 0.0000 58.5491 58.5491 76.1577 76.1577 70.9366 70.9366 35.1710
21 35.1710 15.8114 48.7545 28.4605 33.9411 11.1803 13.6015 74.8131 79.1012 79.3095 53.3385 35.7351 29.0172 79.9812 72.4707 48.0521 35.1710 0.0000 58.5491 76.1577 70.9366 35.1710 35.1710 0.0000 0.0000 58.5491 58.5491 76.1577 76.1577 70.9366 70.9366 35.1710
23 24.0208 53.3104 32.2025 52.5547 37.5766 59.1354 57.9396 16.2788 21.3776 21.0238 5.3852 30.6105 62.6259 46.0109 26.6833 11.1803 24.0208 58.5491 0.0000 25.0599 38.2099 24.0208 24.0208 58.5491 58.5491 0.0000 0.0000 25.0599 25.0599 38.2099 38.2099 24.0208
24 24.0208 53.3104 32.2025 52.5547 37.5766 59.1354 57.9396 16.2788 21.3776 21.0238 5.3852 30.6105 62.6259 46.0109 26.6833 11.1803 24.0208 58.5491 0.0000 25.0599 38.2099 24.0208 24.0208 58.5491 58.5491 0.0000 0.0000 25.0599 25.0599 38.2099 38.2099 24.0208
26 41.6773 74.6324 57.2451 61.0737 46.3897 79.4040 78.7718 19.4165 27.5136 24.6982 29.4109 54.5619 71.0070 26.4008 7.2111 30.4795 41.6773 76.1577 25.0599 0.0000 22.6274 41.6773 41.6773 76.1577 76.1577 25.0599 25.0599 0.0000 0.0000 22.6274 22.6274 41.6773
27 41.6773 74.6324 57.2451 61.0737 46.3897 79.4040 78.7718 19.4165 27.5136 24.6982 29.4109 54.5619 71.0070 26.4008 7.2111 30.4795 41.6773 76.1577 25.0599 0.0000 22.6274 41.6773 41.6773 76.1577 76.1577 25.0599 25.0599 0.0000 0.0000 22.6274 22.6274 41.6773
29 42.0595 74.2024 67.7422 48.8467 37.2022 77.1557 77.3369 40.3113 48.8774 46.3249 40.0125 60.4070 57.5674 9.4340 15.6205 36.6742 42.0595 70.9366 38.2099 22.6274 0.0000 42.0595 42.0595 70.9366 70.9366 38.2099 38.2099 22.6274 22.6274 0.0000 0.0000 42.0595
30 42.0595 74.2024 67.7422 48.8467 37.2022 77.1557 77.3369 40.3113 48.8774 46.3249 40.0125 60.4070 57.5674 9.4340 15.6205 36.6742 42.0595 70.9366 38.2099 22.6274 0.0000 42.0595 42.0595 70.9366 70.9366 38.2099 38.2099 22.6274 22.6274 0.0000 0.0000 42.0595
31 0.0000 33.3017 31.6228 30.8058 18.0278 37.7359 37.2022 40.0500 45.2769 45.0444 19.2354 20.0000 40.3113 51.4782 39.0512 13.0384 0.0000 35.1710 24.0208 41.6773 42.0595 0.0000 0.0000 35.1710 35.1710 24.0208 24.0208 41.6773 41.6773 42.0595 42.0595 0.0000
;

param t : 0 1 2 3 4 5 6 7 8 9 10 11 12 13 14 15 16 19 22 25 28 17 18 20 21 23 24 26 27 29 30 31 :=
0 0.0000 33.3017 31.6228 30.8058 18.0278 37.7359 37.2022 40.0500 45.2769 45.0444 19.2354 20.0000 40.3113 51.4782 39.0512 13.0384 0.0000 35.1710 24.0208 41.6773 42.0595 0.0000 0.0000 35.1710 35.1710 24.0208 24.0208 41.6773 41.6773 42.0595 42.0595 0.0000
1 33.3017 0.0000 35.9026 40.0000 39.9249 7.2801 5.0000 69.2892 72.0347 72.8011 47.9270 25.0799 43.1741 83.6002 72.3464 44.4185 33.3017 15.8114 53.3104 74.6324 74.2024 33.3017 33.3017 15.8114 15.8114 53.3104 53.3104 74.6324 74.6324 74.2024 74.2024 33.3017
2 31.6228 35.9026 0.0000 59.4054 49.2443 43.1741 40.7922 43.8634 43.0116 44.8219 28.4605 14.1421 67.2681 76.4853 58.5235 31.1448 31.6228 48.7545 32.2025 57.2451 67.7422 31.6228 31.6228 48.7545 48.7545 32.2025 32.2025 57.2451 57.2451 67.7422 67.7422 31.6228
3 30.8058 40.0000 59.4054 0.0000 15.2971 38.6394 40.3113 66.9403 73.6817 72.8011 48.7545 45.4863 10.1980 56.8243 55.4437 41.6293 30.8058 28.4605 52.5547 61.0737 48.8467 30.8058 30.8058 28.4605 28.4605 52.5547 52.5547 61.0737 61.0737 48.8467 48.8467 30.8058
4 18.0278 39.9249 49.2443 15.2971 0.0000 41.3401 42.0595 51.6624 58.5235 57.5674 34.1321 36.4005 25.4951 46.0977 41.2311 26.9258 18.0278 33.9411 37.5766 46.3897 37.2022 18.0278 18.0278 33.9411 33.9411 37.5766 37.5766 46.3897 46.3897 37.2022 37.2022 18.0278
5 37.7359 7.2801 43.1741 38.6394 41.3401 0.0000 2.8284 75.2861 78.4474 79.0759 53.7587 32.0000 40.1123 86.4523 76.6094 49.6588 37.7359 11.1803 59.1354 79.4040 77.1557 37.7359 37.7359 11.1803 11.1803 59.1354 59.1354 79.4040 79.4040 77.1557 77.1557 37.7359
6 37.2022 5.0000 40.7922 40.3113 42.0595 2.8284 0.0000 74.0000 76.9025 77.6209 52.5547 30.0666 42.2966 86.6833 76.2168 48.7647 37.2022 13.6015 57.9396 78.7718 77.3369 37.2022 37.2022 13.6015 13.6015 57.9396 57.9396 78.7718 78.7718 77.3369 77.3369 37.2022
7 40.0500 69.2892 43.8634 66.9403 51.6624 75.2861 74.0000 0.0000 8.6023 6.4031 21.5870 45.6508 77.1298 45.5412 25.0799 27.0185 40.0500 74.8131 16.2788 19.4165 40.3113 40.0500 40.0500 74.8131 74.8131 16.2788 16.2788 19.4165 19.4165 40.3113 40.3113 40.0500
8 45.2769 72.0347 43.0116 73.6817 58.5235 78.4474 76.9025 8.6023 0.0000 3.0000 26.0768 47.4342 83.8153 53.8516 33.5410 32.5576 45.2769 79.1012 21.3776 27.5136 48.8774 45.2769 45.2769 79.1012 79.1012 21.3776 21.3776 27.5136 27.5136 48.8774 48.8774 45.2769
9 45.0444 72.8011 44.8219 72.8011 57.5674 79.0759 77.6209 6.4031 3.0000 0.0000 26.0192 48.4665 82.9699 51.0784 30.8869 32.1403 45.0444 79.3095 21.0238 24.6982 46.3249 45.0444 45.0444 79.3095 79.3095 21.0238 21.0238 24.6982 24.6982 46.3249 46.3249 45.0444
10 19.2354 47.9270 28.4605 48.7545 34.1321 53.7587 52.5547 21.5870 26.0768 26.0192 0.0000 25.4951 58.6941 48.3735 30.0832 7.2111 19.2354 53.3385 5.3852 29.4109 40.0125 19.2354 19.2354 53.3385 53.3385 5.3852 5.3852 29.4109 29.4109 40.0125 40.0125 19.2354
11 20.0000 25.0799 14.1421 45.4863 36.4005 32.0000 30.0666 45.6508 47.4342 48.4665 25.4951 0.0000 53.1507 69.6419 54.0833 24.6982 20.0000 35.7351 30.6105 54.5619 60.4070 20.0000 20.0000 35.7351 35.7351 30.6105 30.6105 54.5619 54.5619 60.4070 60.4070 20.0000
12 40.3113 43.1741 67.2681 10.1980 25.4951 40.1123 42.2966 77.1298 83.8153 82.9699 58.6941 53.1507 0.0000 65.0000 65.1920 51.6236 40.3113 29.0172 62.6259 71.0070 57.5674 40.3113 40.3113 29.0172 29.0172 62.6259 62.6259 71.0070 71.0070 57.5674 57.5674 40.3113
13 51.4782 83.6002 76.4853 56.8243 46.0977 86.4523 86.6833 45.5412 53.8516 51.0784 48.3735 69.6419 65.0000 0.0000 20.6155 45.6070 51.4782 79.9812 46.0109 26.4008 9.4340 51.4782 51.4782 79.9812 79.9812 46.0109 46.0109 26.4008 26.4008 9.4340 9.4340 51.4782
14 39.0512 72.3464 58.5235 55.4437 41.2311 76.6094 76.2168 25.0799 33.5410 30.8869 30.0832 54.0833 65.1920 20.6155 0.0000 29.4109 39.0512 72.4707 26.6833 7.2111 15.6205 39.0512 39.0512 72.4707 72.4707 26.6833 26.6833 7.2111 7.2111 15.6205 15.6205 39.0512
15 13.0384 44.4185 31.1448 41.6293 26.9258 49.6588 48.7647 27.0185 32.5576 32.1403 7.2111 24.6982 51.6236 45.6070 29.4109 0.0000 13.0384 48.0521 11.1803 30.4795 36.6742 13.0384 13.0384 48.0521 48.0521 11.1803 11.1803 30.4795 30.4795 36.6742 36.6742 13.0384
16 0.0000 33.3017 31.6228 30.8058 18.0278 37.7359 37.2022 40.0500 45.2769 45.0444 19.2354 20.0000 40.3113 51.4782 39.0512 13.0384 0.0000 35.1710 24.0208 41.6773 42.0595 0.0000 0.0000 35.1710 35.1710 24.0208 24.0208 41.6773 41.6773 42.0595 42.0595 0.0000
19 35.1710 15.8114 48.7545 28.4605 33.9411 11.1803 13.6015 74.8131 79.1012 79.3095 53.3385 35.7351 29.0172 79.9812 72.4707 48.0521 35.1710 0.0000 58.5491 76.1577 70.9366 35.1710 35.1710 0.0000 0.0000 58.5491 58.5491 76.1577 76.1577 70.9366 70.9366 35.1710
22 24.0208 53.3104 32.2025 52.5547 37.5766 59.1354 57.9396 16.2788 21.3776 21.0238 5.3852 30.6105 62.6259 46.0109 26.6833 11.1803 24.0208 58.5491 0.0000 25.0599 38.2099 24.0208 24.0208 58.5491 58.5491 0.0000 0.0000 25.0599 25.0599 38.2099 38.2099 24.0208
25 41.6773 74.6324 57.2451 61.0737 46.3897 79.4040 78.7718 19.4165 27.5136 24.6982 29.4109 54.5619 71.0070 26.4008 7.2111 30.4795 41.6773 76.1577 25.0599 0.0000 22.6274 41.6773 41.6773 76.1577 76.1577 25.0599 25.0599 0.0000 0.0000 22.6274 22.6274 41.6773
28 42.0595 74.2024 67.7422 48.8467 37.2022 77.1557 77.3369 40.3113 48.8774 46.3249 40.0125 60.4070 57.5674 9.4340 15.6205 36.6742 42.0595 70.9366 38.2099 22.6274 0.0000 42.0595 42.0595 70.9366 70.9366 38.2099 38.2099 22.6274 22.6274 0.0000 0.0000 42.0595
17 0.0000 33.3017 31.6228 30.8058 18.0278 37.7359 37.2022 40.0500 45.2769 45.0444 19.2354 20.0000 40.3113 51.4782 39.0512 13.0384 0.0000 35.1710 24.0208 41.6773 42.0595 0.0000 0.0000 35.1710 35.1710 24.0208 24.0208 41.6773 41.6773 42.0595 42.0595 0.0000
18 0.0000 33.3017 31.6228 30.8058 18.0278 37.7359 37.2022 40.0500 45.2769 45.0444 19.2354 20.0000 40.3113 51.4782 39.0512 13.0384 0.0000 35.1710 24.0208 41.6773 42.0595 0.0000 0.0000 35.1710 35.1710 24.0208 24.0208 41.6773 41.6773 42.0595 42.0595 0.0000
20 35.1710 15.8114 48.7545 28.4605 33.9411 11.1803 13.6015 74.8131 79.1012 79.3095 53.3385 35.7351 29.0172 79.9812 72.4707 48.0521 35.1710 0.0000 58.5491 76.1577 70.9366 35.1710 35.1710 0.0000 0.0000 58.5491 58.5491 76.1577 76.1577 70.9366 70.9366 35.1710
21 35.1710 15.8114 48.7545 28.4605 33.9411 11.1803 13.6015 74.8131 79.1012 79.3095 53.3385 35.7351 29.0172 79.9812 72.4707 48.0521 35.1710 0.0000 58.5491 76.1577 70.9366 35.1710 35.1710 0.0000 0.0000 58.5491 58.5491 76.1577 76.1577 70.9366 70.9366 35.1710
23 24.0208 53.3104 32.2025 52.5547 37.5766 59.1354 57.9396 16.2788 21.3776 21.0238 5.3852 30.6105 62.6259 46.0109 26.6833 11.1803 24.0208 58.5491 0.0000 25.0599 38.2099 24.0208 24.0208 58.5491 58.5491 0.0000 0.0000 25.0599 25.0599 38.2099 38.2099 24.0208
24 24.0208 53.3104 32.2025 52.5547 37.5766 59.1354 57.9396 16.2788 21.3776 21.0238 5.3852 30.6105 62.6259 46.0109 26.6833 11.1803 24.0208 58.5491 0.0000 25.0599 38.2099 24.0208 24.0208 58.5491 58.5491 0.0000 0.0000 25.0599 25.0599 38.2099 38.2099 24.0208
26 41.6773 74.6324 57.2451 61.0737 46.3897 79.4040 78.7718 19.4165 27.5136 24.6982 29.4109 54.5619 71.0070 26.4008 7.2111 30.4795 41.6773 76.1577 25.0599 0.0000 22.6274 41.6773 41.6773 76.1577 76.1577 25.0599 25.0599 0.0000 0.0000 22.6274 22.6274 41.6773
27 41.6773 74.6324 57.2451 61.0737 46.3897 79.4040 78.7718 19.4165 27.5136 24.6982 29.4109 54.5619 71.0070 26.4008 7.2111 30.4795 41.6773 76.1577 25.0599 0.0000 22.6274 41.6773 41.6773 76.1577 76.1577 25.0599 25.0599 0.0000 0.0000 22.6274 22.6274 41.6773
29 42.0595 74.2024 67.7422 48.8467 37.2022 77.1557 77.3369 40.3113 48.8774 46.3249 40.0125 60.4070 57.5674 9.4340 15.6205 36.6742 42.0595 70.9366 38.2099 22.6274 0.0000 42.0595 42.0595 70.9366 70.9366 38.2099 38.2099 22.6274 22.6274 0.0000 0.0000 42.0595
30 42.0595 74.2024 67.7422 48.8467 37.2022 77.1557 77.3369 40.3113 48.8774 46.3249 40.0125 60.4070 57.5674 9.4340 15.6205 36.6742 42.0595 70.9366 38.2099 22.6274 0.0000 42.0595 42.0595 70.9366 70.9366 38.2099 38.2099 22.6274 22.6274 0.0000 0.0000 42.0595
31 0.0000 33.3017 31.6228 30.8058 18.0278 37.7359 37.2022 40.0500 45.2769 45.0444 19.2354 20.0000 40.3113 51.4782 39.0512 13.0384 0.0000 35.1710 24.0208 41.6773 42.0595 0.0000 0.0000 35.1710 35.1710 24.0208 24.0208 41.6773 41.6773 42.0595 42.0595 0.0000
;